0 0 0 0 0 0 0 0 0 0 0 0 0 0 0 0 0 0 0 0 0 0 0 0 0 0 0 0 0 0
0 999 12 13 1 11 17 11 7 16 7 7 8 4 1 7 2 1 10 20 5 17 4 3 14 9 12 20 19 2
0 12 999 7 4 7 5 15 6 15 3 5 3 6 8 17 3 11 1 2 15 1 13 5 5 4 6 8 13 9
0 13 7 999 8 3 13 18 1 1 7 19 12 18 10 12 19 13 10 20 4 6 11 13 8 14 4 17 19 14
0 1 4 8 999 17 8 6 19 10 3 18 3 11 1 4 1 8 16 2 1 3 6 1 6 12 16 11 3 8
0 11 7 3 17 999 19 14 20 10 5 10 11 10 10 20 11 3 12 4 8 16 20 16 15 1 2 5 18 15
0 17 5 13 8 19 999 10 5 19 5 20 1 10 8 12 14 9 5 19 3 16 2 2 5 16 15 16 9 18
0 11 15 18 6 14 10 999 5 18 17 3 8 9 17 3 4 16 16 13 1 2 8 18 12 6 6 20 14 13
0 7 6 1 19 20 5 5 999 5 11 11 8 4 8 13 14 18 18 14 13 6 18 12 16 3 8 16 15 10
0 16 15 1 10 10 19 18 5 999 19 16 3 9 11 1 3 10 1 11 12 17 6 19 19 10 17 3 8 14
0 7 3 7 3 5 5 17 11 19 999 7 12 15 16 8 20 20 3 7 13 13 14 13 18 6 11 14 5 12
0 7 5 19 18 10 20 3 11 16 7 999 15 4 1 11 10 20 8 13 14 6 12 4 11 5 9 1 10 15
0 8 3 12 3 11 1 8 8 3 12 15 999 10 17 16 2 1 4 5 11 8 17 15 10 18 5 9 14 16
0 4 6 18 11 10 10 9 4 9 15 4 10 999 4 9 6 12 8 1 16 12 7 10 17 15 15 17 5 9
0 1 8 10 1 10 8 17 8 11 16 1 17 4 999 7 19 12 7 9 2 14 4 14 16 19 14 10 19 2
0 7 17 12 4 20 12 3 13 1 8 11 16 9 7 999 13 9 2 11 6 13 7 6 14 13 9 18 8 4
0 2 3 19 1 11 14 4 14 3 20 10 2 6 19 13 999 12 13 1 18 15 14 7 4 2 17 20 3 8
0 1 11 13 8 3 9 16 18 10 20 20 1 12 12 9 12 999 18 3 11 18 20 6 19 20 11 6 8 3
0 10 1 10 16 12 5 16 18 1 3 8 4 8 7 2 13 18 999 16 20 17 20 16 6 2 4 12 14 18
0 20 2 20 2 4 19 13 14 11 7 13 5 1 9 11 1 3 16 999 13 7 5 5 8 16 6 18 7 14
0 5 15 4 1 8 3 1 13 12 13 14 11 16 2 6 18 11 20 13 999 7 11 5 1 13 14 12 11 12
0 17 1 6 3 16 16 2 6 17 13 6 8 12 14 13 15 18 17 7 7 999 20 6 18 5 9 18 16 12
0 4 13 11 6 20 2 8 18 6 14 12 17 7 4 7 14 20 20 5 11 20 999 7 5 13 16 6 16 15
0 3 5 13 1 16 2 18 12 19 13 4 15 10 14 6 7 6 16 5 5 6 7 999 1 15 5 20 4 11
0 14 5 8 6 15 5 12 16 19 18 11 10 17 16 14 4 19 6 8 1 18 5 1 999 10 19 20 11 9
0 9 4 14 12 1 16 6 3 10 6 5 18 15 19 13 2 20 2 16 13 5 13 15 10 999 12 4 18 5
0 12 6 4 16 2 15 6 8 17 11 9 5 15 14 9 17 11 4 6 14 9 16 5 19 12 999 1 12 15
0 20 8 17 11 5 16 20 16 3 14 1 9 17 10 18 20 6 12 18 12 18 6 20 20 4 1 999 15 17
0 19 13 19 3 18 9 14 15 8 5 10 14 5 19 8 3 8 14 7 11 16 16 4 11 18 12 15 999 6
0 2 9 14 8 15 18 13 10 14 12 15 16 9 2 4 8 3 18 14 12 12 15 11 9 5 15 17 6 999