714 826 793 684 684 769 810 737 667 781 777 777 761 753 740 672 800 777 838 685
726 717 810 715 725 722 822 820 721 835 835 773 745 753 783 801 769 825 769 825
743 712 713 650 711 771 784 759 687 661 678 702 779 772 805 696 804 670 672 703
658 675 834 792 673 679 676 792 731 745 669 765 833 689 794 686 782 829 806 691
678 698 831 812 827 830 801 747 757 832 819 659 758 766 840 692 728 762 674 763
715 833 781 759 763 759 759 790 711 792 760 669 747 739 780 674 745 731 773 839
671 758 797 729 827 712 740 782 772 840 739 697 781 709 731 794 735 692 714 779
663 743 780 812 682 767 675 740 697 676 681 787 752 737 684 834 667 710 662 713
834 828 831 709 797 788 673 673 772 750 780 709 784 654 838 683 713 769 766 656
682 810 703 807 735 804 788 766 837 759 798 818 669 810 737 686 749 730 653 750
718
