689 632 596 649 586 573 612 690 655 544 663 599 691 645 633 670 654 688 544 608
583 582 552 630 612 540 636 568 670 687 597 647 583 699 582 593 680 564 672 616
687 624 605 549 649 663 659 587 617 588 625 570 597 622 575 543 682 700 674 566
692 681 568 551 622 573 619 586 566 638 624 648 601 682 613 571 541 574 540 681
630 682 652 631 658 694 612 688 678 631 690 550 647 585 632 556 673 687 548 632
652 657 541 618 694 550 604 563 685 643 633 579 603 616 597 689 552 621 617 634
617 675 568 551 640 616 548 614 654 625 688 645 659 586 596 613 673 562 670 652
636 562 552 610 556 690 593 563 634 567 658 646 694 633 675 674 606 577 656 551
571 570 635 609 622 654 673 629 694 608 584 589 654 666 634 613 624 670 599 612
675 686 641 579 659 551 642 679 598 599 567 664 621 634 595 588 679 632 576 618
618
