0 0 0 0 0 0 0 0 0 0 0 0 0 0 0 0 0 0 0 0 0 0 0 0 0 0 0 0 0 0 0 0 0 0 0 0 0 0 0 0 0 0 0 0 0 0 0 0 0 0 0 0 0 0 0 0 0 0 0 0 0 0 0 0 0 0 0 0 0 0 0 0 0 0 0 0 0 0 0 0 0
0 999 9.0066 8.18336 12.5201 13.6593 3.47829 13.1738 2.24056 11.7661 9.32239 7.52495 3.72716 4.56956 4.5404 9.76592 1.72012 16.567 4.58747 13.5653 13.7635 7.22768 11.2281 14.5293 14.4787 13.2954 10.693 15.6599 5.41115 2.79201 13.0051 8.51752 2.96243 2.26356 14.9661 7.38427 13.8893 6.68126 14.9459 9.04949 2.09122 14.5803 9.27216 2.73125 10.4734 6.06012 4.95556 5.5852 4.15235 14.2406 14.2153 13.3453 12.7696 13.409 3.69616 5.0852 12.4859 2.38757 11.6578 7.83486 10.7043 6.81898 14.0909 15.8017 14.3898 2.89389 11.4613 10.3412 10.3413 9.79186 14.9462 15.2169 8.78661 3.66722 9.00925 16.3516 5.10656 11.8019 10.4399 13.5869 6.04209
0 9.0066 999 3.06529 7.73447 8.10089 5.79672 7.76341 6.85055 5.70088 8.12937 4.37156 6.33222 5.09645 4.73904 11.1846 8.74131 11.9226 4.55871 9.06115 14.1788 3.90032 7.89582 11.0953 9.42306 7.52352 10.3965 12.4999 6.07684 9.33815 9.1129 0.967678 8.84247 6.91861 10.7231 1.78362 11.3298 9.6108 12.7788 1.63169 7.1642 14.5759 6.02717 6.31191 5.91346 3.00501 4.88517 9.77884 9.19981 13.1315 14.3366 7.90107 9.01823 7.77093 5.34027 8.90525 12.6661 9.47026 10.9531 6.74496 10.5547 2.24949 12.7858 10.9204 9.4707 7.45526 7.21146 10.7914 7.6345 8.68113 9.88032 13.0811 11.2628 6.69855 10.2893 11.8523 4.01688 7.57729 7.07306 12.1463 6.68618
0 8.18336 3.06529 999 5.37603 6.13087 4.70833 5.69552 6.43543 3.85019 5.06472 1.41156 4.69308 5.70693 5.09946 8.16165 7.35732 9.73495 4.78073 6.6845 11.1228 1.17068 5.07551 8.48595 7.29068 5.63174 7.33308 9.87494 3.70438 7.60428 6.53093 3.66742 7.05051 5.9198 8.342 2.13038 8.52865 6.88972 9.9537 4.56219 6.85686 11.5419 3.02794 5.90161 3.27185 2.82661 5.70793 7.30442 7.05992 10.1659 11.2936 5.8597 6.38802 5.82193 4.68876 6.50294 9.60705 7.86818 7.91076 3.72404 7.49011 3.35013 9.83478 8.7857 7.28253 5.84504 4.60004 7.73039 4.67247 5.62014 7.77571 10.2593 8.33772 7.16443 7.28453 9.60852 4.38248 4.99036 4.19345 9.19576 4.03299
0 12.5201 7.73447 5.37603 999 1.33795 9.32618 0.916624 11.2653 2.21 4.23435 5.21893 8.79905 11.0053 10.3695 7.22335 11.2109 4.36177 10.0358 1.33184 8.17624 5.71512 1.84968 3.44023 1.98567 1.37615 5.36153 4.82802 7.12402 10.9446 1.54625 8.61107 10.4049 10.3926 3.00202 7.45666 4.03104 8.12988 5.44004 9.36451 11.7118 8.19027 3.25 10.7913 2.16668 8.16241 11.0451 9.2187 9.80816 6.33167 8.08816 1.04048 1.57813 1.2657 9.5996 8.81697 6.94058 11.3573 5.2212 4.92108 5.55534 8.70359 5.93709 3.43444 1.93706 9.70222 1.08467 6.19589 2.69312 4.254 2.46911 5.7171 8.18988 12.3609 6.79548 4.23274 9.69521 0.84309 2.22713 5.36601 6.65553
0 13.6593 8.10089 6.13087 1.33795 999 10.3799 0.487955 12.2899 2.41006 5.57216 6.22126 9.93226 11.8349 11.2185 8.50643 12.4101 3.83788 10.8933 1.59477 9.13833 6.6583 3.17723 3.76942 1.36821 0.590339 6.60007 5.02308 8.30202 12.1962 2.3403 9.02977 11.6501 11.4883 2.89472 8.10349 4.69572 9.4646 5.9786 9.70206 12.7327 9.04762 4.44639 11.7958 3.18751 8.95724 11.8379 10.5423 11.0952 7.11472 8.9888 0.320156 2.49816 0.33 10.5871 10.1198 8.00641 12.5983 6.36134 6.19998 6.79047 9.35569 6.71897 2.82781 1.47462 10.8838 2.3816 7.45217 4.03093 5.57953 1.7912 6.22223 9.50606 13.2583 8.11246 3.79779 10.5117 2.18048 3.53952 6.20735 7.89604
0 3.47829 5.79672 4.70833 9.32618 10.3799 999 9.90164 1.96163 8.36433 6.75942 4.164 1.10535 2.96516 2.44403 8.28211 2.94491 13.5407 2.2232 10.47 12.1536 3.79796 8.25651 11.7184 11.3098 9.97405 8.59854 12.9648 2.60192 3.64574 10.0146 5.50098 3.22281 1.21803 11.9795 4.06395 11.2833 5.5433 12.5042 6.20932 2.40875 12.8511 6.13788 1.56416 7.20351 2.79351 3.29201 5.037 3.94463 12.1028 12.5157 10.0736 9.79878 10.1101 0.799812 4.17279 10.711 3.7085 9.49801 5.06519 8.66582 3.81285 11.8802 12.7053 11.2436 1.8186 8.31004 8.50248 7.44809 7.31448 11.7895 12.7962 7.70104 3.52945 7.37921 13.3513 2.50218 8.67597 7.39639 11.3051 3.49414
0 13.1738 7.76341 5.69552 0.916624 0.487955 9.90164 999 11.8159 2.0641 5.13491 5.74625 9.44666 11.393 10.7725 8.13669 11.9221 4.16005 10.4454 1.56486 8.94732 6.19177 2.76523 3.80203 1.66003 0.518845 6.26094 5.11789 7.81425 11.7101 2.16603 8.68028 11.1636 11.006 3.06472 7.69566 4.61351 9.0102 5.95391 9.37615 12.2593 8.90342 3.9588 11.3243 2.70409 8.51946 11.4032 10.0758 10.6145 6.99758 8.82543 0.172047 2.28178 0.350143 10.1175 9.64353 7.76418 12.1114 6.07846 5.71906 6.45368 8.94882 6.60097 3.1631 1.71418 10.3961 1.9145 7.1018 3.59006 5.16896 2.1253 6.21155 9.10618 12.8045 7.71176 4.09176 10.0713 1.74385 3.07247 6.06252 7.40962
0 2.24056 6.85055 6.43543 11.2653 12.2899 1.96163 11.8159 999 10.2044 8.66954 6.0697 2.814 2.38046 2.30002 9.89414 2.81007 15.4985 2.35614 12.4238 13.8452 5.65088 10.2181 13.6759 13.2506 11.8658 10.41 14.9136 4.50799 3.91992 11.9758 6.30834 3.74669 1.29692 13.9402 5.31471 13.2184 6.95766 14.4151 6.81401 0.447772 14.5843 8.09434 0.552268 9.12799 3.99516 2.77483 6.16709 4.82511 13.9463 14.2379 11.9875 11.7603 12.0124 1.74668 5.41673 12.4451 3.73419 11.3337 7.00041 10.4621 4.62768 13.7405 14.6566 13.1889 2.74476 10.2596 10.237 9.4064 9.21082 13.7321 14.7039 9.15242 1.97266 9.0292 15.3108 2.88487 10.6284 9.35719 13.1795 5.35434
0 11.7661 5.70088 3.85019 2.21 2.41006 8.36433 2.0641 10.2044 999 5.08435 4.24364 8.08041 9.54158 8.94452 8.43922 10.6827 6.22181 8.62889 3.46273 10.0775 4.56755 3.28694 5.64554 3.72263 1.84968 6.8271 7.02385 6.60818 10.6484 3.74286 6.62302 10.0868 9.5318 5.08183 5.72881 6.20202 8.57691 7.63063 7.31207 10.6378 10.1956 3.13413 9.6865 1.77229 6.65974 9.51856 9.45821 9.73132 8.41458 10.0555 2.2002 3.73636 2.08166 8.46832 8.87465 8.72634 11.0041 6.93307 5.00165 7.02249 6.97655 8.02619 5.22001 3.77625 9.1323 2.23544 7.56315 3.69778 5.34734 4.18005 7.91281 9.16991 11.0145 7.81673 6.15575 8.21689 2.44322 2.97594 7.42571 6.42223
0 9.32239 8.12937 5.06472 4.23435 5.57216 6.75942 5.13491 8.66954 5.08435 999 3.88032 5.87564 9.27194 8.61706 3.40642 7.76884 7.46371 8.28304 4.77071 6.07595 4.46319 2.42012 5.23955 5.8228 5.51881 2.27035 6.3378 4.16387 7.23066 4.0025 8.68945 6.7457 7.5223 5.84975 6.94761 4.58039 3.93192 5.74656 9.60068 9.10277 6.55835 2.29124 8.3225 3.34975 6.93496 9.45685 5.1 5.92008 5.44325 6.28399 5.27186 3.74532 5.47387 7.32055 4.85325 4.55443 7.68843 2.94245 1.73934 2.42539 7.94667 5.18036 6.85861 5.66912 6.43507 3.25555 2.722 1.54538 0.594811 6.21233 6.03729 4.09275 10.2433 2.73251 7.21489 8.15294 3.3933 2.16333 4.57919 3.3373
0 7.52495 4.37156 1.41156 5.21893 6.22126 4.164 5.74625 6.0697 4.24364 3.88032 999 3.84064 5.88766 5.2345 6.81308 6.46866 9.5248 4.89437 6.43218 9.95207 0.604152 4.44154 7.95832 7.20295 5.81008 6.13984 9.30188 2.50857 6.54618 6.09725 4.83699 5.98324 5.30269 8.02113 3.06741 7.79803 5.48778 9.17113 5.75501 6.51352 10.4335 2.23224 5.58198 3.06374 3.20315 5.98264 5.95971 5.84072 9.19405 10.1636 5.91799 5.91179 5.94764 4.38269 5.19189 8.42917 6.86132 6.80424 2.37592 6.28301 4.10157 8.88861 8.64043 7.15359 4.91945 4.25968 6.45782 3.8289 4.46346 7.68766 9.47629 6.93715 7.16397 5.91937 9.36003 4.62327 4.64362 3.53193 8.25751 2.67479
0 3.72716 6.33222 4.69308 8.79905 9.93226 1.10535 9.44666 2.814 8.08041 5.87564 3.84064 999 4.06832 3.53023 7.19809 2.66603 12.9018 3.28694 9.86978 11.0967 3.62195 7.57143 10.9633 10.7646 9.57244 7.6019 12.1644 1.74751 3.02324 9.34687 6.18244 2.51199 1.65705 11.3145 4.55057 10.4436 4.43847 11.6148 6.96375 3.23687 11.8116 5.55563 2.54024 6.74685 3.42218 4.38863 3.97698 2.99708 11.1333 11.4712 9.61818 9.119 9.6831 1.89169 3.09742 9.67051 3.21646 8.52115 4.24694 7.65847 4.56745 10.9265 12.1095 10.681 1.16709 7.74665 7.46006 6.71501 6.40695 11.2355 11.9015 6.59644 4.56951 6.30354 12.6968 3.49927 8.09395 6.75254 10.3666 2.54558
0 4.56956 5.09645 5.70693 11.0053 11.8349 2.96516 11.393 2.38046 9.54158 9.27194 5.88766 4.06832 999 0.660076 11.1752 5.10734 15.3587 1.0008 12.2723 14.9672 5.32854 10.3212 13.8411 12.9602 11.3385 11.2987 15.1711 5.30926 6.1358 11.9819 4.36085 5.85629 3.27124 13.8904 3.96011 13.6048 8.50637 14.9221 4.68284 2.48163 15.6193 8.11065 2.04841 8.8443 2.88259 0.395601 7.97178 6.7816 14.7094 15.2976 11.559 11.7991 11.528 2.18057 7.12407 13.4912 6.02242 12.1458 7.5326 11.3878 2.88998 14.4523 14.4385 12.9364 4.58939 10.1144 11.3008 9.6435 9.85731 13.4471 15.2232 10.6537 1.60562 10.2568 15.2095 1.32503 10.5038 9.41424 13.8484 6.23929
0 4.5404 4.73904 5.09946 10.3695 11.2185 2.44403 10.7725 2.30002 8.94452 8.61706 5.2345 3.53023 0.660076 999 10.5702 4.85275 14.7188 0.341321 11.6303 14.3382 4.68028 9.66479 13.1849 12.3297 10.7292 10.6556 14.5129 4.68351 5.81416 11.3307 4.08927 5.48868 2.94878 13.2437 3.45141 12.9447 7.9544 14.2624 4.52982 2.51531 14.9821 7.4547 1.8513 8.206 2.29124 0.877268 7.4803 6.34555 14.0563 14.6627 10.9394 11.1463 10.9142 1.64438 6.61638 12.8571 5.7477 11.4971 6.87786 10.7472 2.49201 13.7973 13.8037 12.3027 4.16252 9.46911 10.6717 8.98392 9.2034 12.8167 14.5635 10.0832 2.09402 9.6477 14.567 0.763806 9.85787 8.7585 13.1922 5.61307
0 9.76592 11.1846 8.16165 7.22335 8.50643 8.28211 8.13669 9.89414 8.43922 3.40642 6.81308 7.19809 11.1752 10.5702 999 8.04806 9.26996 10.2714 7.31608 4.00011 7.3117 5.40112 6.76491 8.36029 8.59047 2.00609 7.30514 5.9123 7.10651 6.43323 11.6054 6.81554 8.60531 7.80516 9.76792 5.5857 3.08715 6.02638 12.5253 10.2651 4.81922 5.67173 9.71356 6.74036 9.41222 11.4474 4.28916 5.65862 4.82445 4.45152 8.24341 6.19578 8.48681 9.01698 4.68129 2.77764 7.5817 2.72406 4.44173 1.84895 10.562 4.80652 8.97625 8.16633 7.20768 6.41873 1.14061 4.75635 3.09298 8.63487 6.21884 1.32458 11.7561 0.934933 8.97778 10.3003 6.44078 5.46601 4.50459 4.99925
0 1.72012 8.74131 7.35732 11.2109 12.4101 2.94491 11.9221 2.81007 10.6827 7.76884 6.46866 2.66603 5.10734 4.85275 8.04806 999 15.1242 4.77603 12.1806 12.0445 6.28435 9.80115 13.004 13.1344 12.0913 9.02248 14.0894 4.11272 1.17137 11.5684 8.4257 1.24403 1.92855 13.5125 6.99939 12.3023 4.96227 13.3135 9.09405 2.94156 12.8643 7.97023 3.05897 9.25262 5.73838 5.50073 3.87372 2.43852 12.5593 12.4985 12.0917 11.3254 12.1807 3.50525 3.36929 10.7753 0.924175 9.9909 6.38681 9.02588 6.72191 12.4202 14.402 13.0306 1.55081 10.1341 8.64251 8.89043 8.20737 13.5901 13.5789 7.06915 4.70231 7.30083 14.8968 5.20963 10.4539 9.06164 11.9298 4.59004
0 16.567 11.9226 9.73495 4.36177 3.83788 13.5407 4.16005 15.4985 6.22181 7.46371 9.5248 12.9018 15.3587 14.7188 9.26996 15.1242 999 14.3832 3.09277 8.15473 10.0476 5.33892 2.5089 2.50002 4.4261 7.29226 2.57317 11.1688 14.6761 3.56204 12.8401 14.1742 14.5392 1.61645 11.7983 3.77308 11.2484 4.17059 13.532 15.9463 7.68625 7.40438 15.0478 6.51464 12.5234 15.4046 12.4963 13.3838 5.79583 7.79016 4.02179 3.80033 4.16646 13.8781 12.3149 7.59872 15.1251 6.579 8.74345 7.42994 13.0492 5.48106 1.01272 2.46812 13.6868 5.26541 8.13181 6.2351 7.163 2.04707 4.24615 10.5286 16.6878 9.26232 0.300832 14.0525 4.88436 6.15367 5.29714 10.5436
0 4.58747 4.55871 4.78073 10.0358 10.8933 2.2232 10.4454 2.35614 8.62889 8.28304 4.89437 3.28694 1.0008 0.341321 10.2714 4.77603 14.3832 999 11.294 14.0227 4.34204 9.3237 12.8439 11.9981 10.4073 10.3308 14.1716 4.37385 5.69407 10.991 3.96093 5.34319 2.8524 12.9055 3.19251 12.6041 7.69103 13.923 4.46222 2.62254 14.661 7.11372 1.86097 7.87142 1.9891 1.1868 7.25504 6.15627 13.7236 14.3432 10.6127 10.8061 10.5902 1.42902 6.38263 12.5384 5.65466 11.1679 6.54413 10.4242 2.31102 13.463 13.4701 11.9697 3.9883 9.13158 10.3568 8.64279 8.87019 12.4851 14.2243 9.80658 2.3914 9.34654 14.2303 0.54231 9.52007 8.41755 12.8569 5.30215
0 13.5653 9.06115 6.6845 1.33184 1.59477 10.47 1.56486 12.4238 3.46273 4.77071 6.43218 9.86978 12.2723 11.6303 7.31608 12.1806 3.09277 11.294 999 7.58649 6.956 2.41207 2.23897 1.06513 2.05066 5.33811 3.57771 8.15434 11.8204 0.886848 9.94174 11.2975 11.4934 1.67048 8.77788 3.10098 8.6952 4.40048 10.6901 12.8714 7.46464 4.33365 11.9662 3.43402 9.44917 12.3252 9.86828 10.6021 5.5237 7.41627 1.52735 1.12058 1.79805 10.7908 9.56663 6.51869 12.2528 4.96049 5.80293 5.5183 10.022 5.12851 2.24009 0.898888 10.7064 2.1735 6.21112 3.34677 4.62455 1.44461 4.65285 8.42214 13.595 7.04969 2.93743 10.9703 1.79627 3.12623 4.62896 7.59161
0 13.7635 14.1788 11.1228 8.17624 9.13833 12.1536 8.94732 13.8452 10.0775 6.07595 9.95207 11.0967 14.9672 14.3382 4.00011 12.0445 8.15473 14.0227 7.58649 999 10.5268 6.81007 5.92254 8.3942 9.46533 3.81289 5.63018 9.658 11.0799 6.80026 14.7638 10.8086 12.566 7.18248 13.0188 4.64263 7.08229 4.0093 15.6731 14.228 0.922822 8.18292 13.6329 8.73973 12.9133 15.2091 8.24291 9.64061 2.36123 0.562228 8.98268 6.66575 9.26368 12.852 8.68037 1.52315 11.5506 3.25466 7.6742 3.67708 13.9806 2.68002 8.31565 8.18074 11.1896 7.84251 3.66657 6.68923 5.50543 8.45332 4.00346 5.06188 15.666 4.81923 7.8607 13.985 7.65969 7.37295 3.00456 8.728
0 7.22768 3.90032 1.17068 5.71512 6.6583 3.79796 6.19177 5.65088 4.56755 4.46319 0.604152 3.62195 5.32854 4.68028 7.3117 6.28435 10.0476 4.34204 6.956 10.5268 999 5.02359 8.53479 7.69172 6.21875 6.714 9.88585 2.53387 6.46842 6.65496 4.3001 5.91082 4.97712 8.56344 2.49616 8.39598 5.79473 9.77287 5.22024 6.08935 11.0206 2.82016 5.14487 3.54887 2.60492 5.4092 6.15072 5.89042 9.796 10.747 6.36242 6.47603 6.3729 3.93154 5.339 9.00369 6.74976 7.39479 2.90172 6.85309 3.50081 9.49174 9.14702 7.65216 4.75083 4.79017 7.00406 4.42946 5.05 8.1781 10.0781 7.36395 6.64606 6.40466 9.89059 4.04856 5.1782 4.11311 8.86102 2.89871
0 11.2281 7.89582 5.07551 1.84968 3.17723 8.25651 2.76523 10.2181 3.28694 2.42012 4.44154 7.57143 10.3212 9.66479 5.40112 9.80115 5.33892 9.3237 2.41207 6.81007 5.02359 999 3.52018 3.43634 3.19626 3.61199 4.86231 5.83301 9.41285 1.77747 8.65871 8.89358 9.21651 3.74339 7.19903 3.45615 6.34768 4.8929 9.50394 10.665 6.98634 2.21097 9.79066 2.02786 7.62006 10.4239 7.48605 8.19046 5.32184 6.81974 2.88882 1.54777 3.1127 8.65569 7.15856 5.43994 9.84846 3.64651 3.41434 3.80837 8.384 4.95347 4.60401 3.29844 8.34995 1.06977 4.411 0.935094 2.40441 3.85331 5.19724 6.34136 11.5332 4.94696 5.12707 9.06479 1.04005 0.910494 4.32227 5.21277
0 14.5293 11.0953 8.48595 3.44023 3.76942 11.7184 3.80203 13.6759 5.64554 5.23955 7.95832 10.9633 13.8411 13.1849 6.76491 13.004 2.5089 12.8439 2.23897 5.92254 8.53479 3.52018 999 2.65324 4.27516 4.79821 1.40464 9.21601 12.4589 1.98285 11.9345 11.9823 12.6198 1.2602 10.6151 1.31746 8.86434 2.25362 12.7264 14.1205 5.6126 5.73049 13.2673 5.23802 11.1208 13.9407 10.1365 11.1135 3.64062 5.6405 3.753 2.09955 4.01323 12.1529 10.0302 5.17754 12.9211 4.0702 6.72037 4.93009 11.8302 3.27124 2.41251 2.45459 11.6354 3.90749 5.62859 4.27056 4.85334 2.59255 2.472 8.03271 15.0441 6.79106 2.21416 12.5809 3.528 4.4272 2.94043 8.49236
0 14.4787 9.42306 7.29068 1.98567 1.36821 11.3098 1.66003 13.2506 3.72263 5.8228 7.20295 10.7646 12.9602 12.3297 8.36029 13.1344 2.50002 11.9981 1.06513 8.3942 7.69172 3.43634 2.65324 999 1.95727 6.37195 3.77127 9.072 12.8128 1.93003 10.3402 12.2833 12.3682 1.59154 9.32636 3.78251 9.7516 4.90686 11.0342 13.6972 8.18732 5.20899 12.777 4.14403 10.1015 12.9874 10.915 11.619 6.21752 8.17573 1.52398 2.17568 1.68882 11.5846 10.5935 7.42214 13.2383 5.94153 6.78178 6.54847 10.5791 5.83106 1.50748 0.213776 11.6415 3.01808 7.24694 4.36976 5.68859 0.487032 5.12001 9.48053 14.3348 8.11128 2.43852 11.6444 2.68151 4.07708 5.3957 8.55459
0 13.2954 7.52352 5.63174 1.37615 0.590339 9.97405 0.518845 11.8658 1.84968 5.51881 5.81008 9.57244 11.3385 10.7292 8.59047 12.0913 4.4261 10.4073 2.05066 9.46533 6.21875 3.19626 4.27516 1.95727 999 6.73767 5.56392 7.97858 11.926 2.68419 8.45662 11.3743 11.1022 3.46227 7.56902 5.1229 9.35355 6.45007 9.12044 12.3061 9.42177 4.1699 11.3635 2.83868 8.457 11.3309 10.3873 10.8704 7.51349 9.34427 0.52345 2.80016 0.27313 10.15 9.92184 8.27573 12.3166 6.58034 5.98344 6.93149 8.81921 7.11688 3.41503 2.05572 10.5546 2.2655 7.57057 3.97549 5.58911 2.38027 6.70351 9.53138 12.7816 8.13772 4.38809 10.0139 2.15838 3.40595 6.58062 7.62714
0 10.693 10.3965 7.33308 5.36153 6.60007 8.59854 6.26094 10.41 6.8271 2.27035 6.13984 7.6019 11.2987 10.6556 2.00609 9.02248 7.29226 10.3308 5.33811 3.81289 6.714 3.61199 4.79821 6.37195 6.73767 999 5.46547 6.02336 8.24804 4.45193 10.9588 7.85656 9.17706 5.80545 9.2061 3.68517 4.31932 4.37529 11.8707 10.8212 4.34885 4.46655 10.1319 5.25381 9.12387 11.5162 5.61894 6.81131 3.55732 4.05231 6.35416 4.22143 6.60981 9.24355 5.73624 2.28974 8.72812 0.970824 3.87621 0.196469 10.1745 3.39838 6.97253 6.17493 7.9097 4.67402 0.875557 3.16185 1.72003 6.63495 4.6158 3.23631 12.1273 2.03089 7.00341 10.254 4.62964 3.89082 2.92139 5.10757
0 15.6599 12.4999 9.87494 4.82802 5.02308 12.9648 5.11789 14.9136 7.02385 6.3378 9.30188 12.1644 15.1711 14.5129 7.30514 14.0894 2.57317 14.1716 3.57771 5.63018 9.88585 4.86231 1.40464 3.77127 5.56392 5.46547 999 10.4229 13.4727 3.3874 13.3383 13.0201 13.8206 2.18506 12.0051 1.8111 9.72042 1.62117 14.131 15.3553 5.12024 7.06969 14.5224 6.6369 12.4813 15.2821 11.0145 12.0872 3.27159 5.23918 5.04983 3.49738 5.29462 13.4316 10.9982 5.24569 13.9434 4.592 7.92023 5.55874 13.2142 2.99292 2.99767 3.60111 12.7726 5.30849 6.21112 5.54553 5.88239 3.56972 1.67362 8.61931 16.3382 7.49627 2.29532 13.9242 4.93098 5.77281 2.94267 9.65487
0 5.41115 6.07684 3.70438 7.12402 8.30202 2.60192 7.81425 4.50799 6.60818 4.16387 2.50857 1.74751 5.30926 4.68351 5.9123 4.11272 11.1688 4.37385 8.15434 9.658 2.53387 5.83301 9.21601 9.072 7.97858 6.02336 10.4229 999 4.05653 7.61001 6.19926 3.49292 3.40376 9.57627 4.36483 8.71304 3.62604 9.91042 7.08079 4.9441 10.3183 3.87448 4.16156 5.1399 3.64523 5.55763 3.70775 3.35829 9.50682 9.99268 7.98437 7.37957 8.06921 3.2202 2.8517 8.18566 4.39739 6.9074 2.50282 6.10086 4.84952 9.28005 10.3916 8.98014 2.58211 6.05696 5.99167 4.9691 4.71377 9.53721 10.2008 5.56705 6.11596 4.98225 10.96 4.38827 6.39269 5.02977 8.70331 0.930054
0 2.79201 9.33815 7.60428 10.9446 12.1962 3.64574 11.7101 3.91992 10.6484 7.23066 6.54618 3.02324 6.1358 5.81416 7.10651 1.17137 14.6761 5.69407 11.8204 11.0799 6.46842 9.41285 12.4589 12.8128 11.926 8.24804 13.4727 4.05653 999 11.1502 9.12453 0.563649 2.87141 13.0596 7.56191 11.6683 4.03227 12.5964 9.85305 4.08932 11.9225 7.75857 4.10122 9.10494 6.37744 6.52323 2.84176 1.45344 11.7404 11.5523 11.876 10.9 11.9903 4.32949 2.51181 9.86754 0.480833 9.21852 6.03312 8.23163 7.45268 11.6279 14.0092 12.6933 1.88322 9.85999 7.79108 8.48322 7.6119 13.2523 12.8504 6.05067 5.84825 6.42055 14.4349 6.078 10.1524 8.74277 11.1693 4.30116
0 13.0051 9.1129 6.53093 1.54625 2.3403 10.0146 2.16603 11.9758 3.74286 4.0025 6.09725 9.34687 11.9819 11.3307 6.43323 11.5684 3.56204 10.991 0.886848 6.80026 6.65496 1.77747 1.98285 1.93003 2.68419 4.45193 3.3874 7.61001 11.1502 999 9.9523 10.6391 10.9896 1.96825 8.65592 2.48966 7.90068 3.89401 10.7438 12.4232 6.7376 3.9052 11.539 3.26741 9.21406 12.0618 9.09886 9.89285 4.83597 6.66352 2.18689 0.25807 2.46862 10.3891 8.84075 5.67708 11.5926 4.08397 5.18368 4.63168 9.88032 4.43952 2.864 1.7429 10.1251 1.93437 5.32542 2.6784 3.80434 2.24949 4.17235 7.55165 13.2429 6.18594 3.35013 10.7014 1.54935 2.61947 3.89649 6.9837
0 8.51752 0.967678 3.66742 8.61107 9.02977 5.50098 8.68028 6.30834 6.62302 8.68945 4.83699 6.18244 4.36085 4.08927 11.6054 8.4257 12.8401 3.96093 9.94174 14.7638 4.3001 8.65871 11.9345 10.3402 8.45662 10.9588 13.3383 6.19926 9.12453 9.9523 999 8.65984 6.5411 11.6089 1.86024 12.1098 9.80642 13.5515 0.920217 6.58244 15.2033 6.69149 5.78973 6.71609 2.76053 4.10761 9.8472 9.13736 13.8277 14.9496 8.82164 9.84528 8.70014 4.94122 8.95644 13.2435 9.20931 11.5697 7.19995 11.108 1.71237 13.4921 11.8419 10.3811 7.25 8.03338 11.2945 8.3279 9.25898 10.8022 13.8556 11.5799 5.94079 10.6915 12.7623 3.42475 8.40755 7.80801 12.8525 6.90532
0 2.96243 8.84247 7.05051 10.4049 11.6501 3.22281 11.1636 3.74669 10.0868 6.7457 5.98324 2.51199 5.85629 5.48868 6.81554 1.24403 14.1742 5.34319 11.2975 10.8086 5.91082 8.89358 11.9823 12.2833 11.3743 7.85656 13.0201 3.49292 0.563649 10.6391 8.65984 999 2.59023 12.5581 7.06191 11.2206 3.72839 12.1823 9.40811 3.97175 11.6341 7.209 3.85659 8.55002 5.90371 6.23622 2.63213 1.19683 11.3749 11.267 11.33 10.3903 11.4413 3.94614 2.1487 9.5544 0.955249 8.82717 5.50158 7.85016 7.00469 11.2485 13.4943 12.1666 1.414 9.32071 7.44071 7.96684 7.14583 12.726 12.4415 5.82516 5.71004 6.08619 13.9364 5.69724 9.61769 8.20959 10.7739 3.7541
0 2.26356 6.91861 5.9198 10.3926 11.4883 1.21803 11.006 1.29692 9.5318 7.5223 5.30269 1.65705 3.27124 2.94878 8.60531 1.92855 14.5392 2.8524 11.4934 12.566 4.97712 9.21651 12.6198 12.3682 11.1022 9.17706 13.8206 3.40376 2.87141 10.9896 6.5411 2.59023 999 12.9578 5.22422 12.0957 5.66083 13.2528 7.18187 1.66208 13.3147 7.16528 1.27475 8.30201 3.92047 3.65548 4.89336 3.58816 12.7252 12.9657 11.178 10.7643 11.2275 1.60003 4.12565 11.178 2.80318 10.1122 5.90397 9.22157 4.83009 12.5311 13.7333 12.2915 1.45413 9.35387 8.97339 8.3678 8.0449 12.8431 13.5373 7.8556 3.24238 7.74744 14.3382 3.28123 9.70893 8.386 11.9821 4.18571
0 14.9661 10.7231 8.342 3.00202 2.89472 11.9795 3.06472 13.9402 5.08183 5.84975 8.02113 11.3145 13.8904 13.2437 7.80516 13.5125 1.61645 12.9055 1.67048 7.18248 8.56344 3.74339 1.2602 1.59154 3.46227 5.80545 2.18506 9.57627 13.0596 1.96825 11.6089 12.5581 12.9578 999 10.443 2.56008 9.65776 3.44158 12.3502 14.3878 6.86431 5.85712 13.4995 5.07799 11.0874 13.955 10.8966 11.7694 4.89532 6.89873 2.96933 2.19713 3.18925 12.3427 10.7023 6.40281 13.5088 5.17363 7.13628 5.95628 11.6847 4.52943 1.19101 1.43391 12.0821 3.77733 6.66478 4.62716 5.56138 1.40064 3.6225 9.03129 15.1811 7.73125 1.38571 12.5969 3.38693 4.58314 4.19526 8.93588
0 7.38427 1.78362 2.13038 7.45666 8.10349 4.06395 7.69566 5.31471 5.72881 6.94761 3.06741 4.55057 3.96011 3.45141 9.76792 6.99939 11.7983 3.19251 8.77788 13.0188 2.49616 7.19903 10.6151 9.32636 7.56902 9.2061 12.0051 4.36483 7.56191 8.65592 1.86024 7.06191 5.22422 10.443 999 10.6473 7.95593 12.0646 2.77137 5.67318 13.4976 5.09883 4.76366 5.39093 1.3262 3.86588 8.04436 7.4223 12.2109 13.2301 7.85315 8.51651 7.78297 3.68828 7.16177 11.4957 7.70546 9.86554 5.39218 9.34728 1.2532 11.8917 10.8311 9.33381 5.68032 6.72269 9.49756 6.75 7.52942 9.80672 12.3705 9.72056 5.53521 8.84898 11.6849 2.6876 7.11158 6.30908 11.2552 5.0479
0 13.8893 11.3298 8.52865 4.03104 4.69572 11.2833 4.61351 13.2184 6.20202 4.58039 7.79803 10.4436 13.6048 12.9447 5.5857 12.3023 3.77308 12.6041 3.10098 4.64263 8.39598 3.45615 1.31746 3.78251 5.1229 3.68517 1.8111 8.71304 11.6683 2.48966 12.1098 11.2206 12.0957 2.56008 10.6473 999 7.91202 1.45413 12.9464 13.6564 4.40545 5.58564 12.8463 5.41915 11.0006 13.74 9.20489 10.2783 2.43988 4.39692 4.60601 2.46629 4.88415 11.7871 9.18923 3.86083 12.1401 2.86252 6.21914 3.79206 11.8179 2.0501 3.72839 3.57123 11.0092 4.16358 4.46687 3.97283 4.09832 3.81274 1.75308 6.88315 14.7073 5.71344 3.47301 12.3913 3.83767 4.3382 1.64104 7.9148
0 6.68126 9.6108 6.88972 8.12988 9.4646 5.5433 9.0102 6.95766 8.57691 3.93192 5.48778 4.43847 8.50637 7.9544 3.08715 4.96227 11.2484 7.69103 8.6952 7.08229 5.79473 6.34768 8.86434 9.7516 9.35355 4.31932 9.72042 3.62604 4.03227 7.90068 9.80642 3.72839 5.66083 9.65776 7.95593 7.91202 999 8.69437 10.6974 7.29976 7.90595 5.44472 6.84485 6.81745 7.26353 8.82096 1.3 2.57955 7.73544 7.53865 9.15621 7.64263 9.33876 6.32719 1.60312 5.8362 4.5107 5.27731 3.60612 4.27538 8.47132 7.64511 10.7273 9.59409 4.22129 7.09931 3.77922 5.4434 4.10641 10.1322 8.9315 2.19477 8.88119 2.39754 10.9809 7.82614 7.28717 5.94811 7.22336 2.92479
0 14.9459 12.7788 9.9537 5.44004 5.9786 12.5042 5.95391 14.4151 7.63063 5.74656 9.17113 11.6148 14.9221 14.2624 6.02638 13.3135 4.17059 13.923 4.40048 4.0093 9.77287 4.8929 2.25362 4.90686 6.45007 4.37529 1.62117 9.91042 12.5964 3.89401 13.5515 12.1823 13.2528 3.44158 12.0646 1.45413 8.69437 999 14.3929 14.8469 3.5182 6.98101 14.0679 6.87073 12.3729 15.0728 9.99368 11.1711 1.65327 3.62199 5.92724 3.89709 6.19839 13.0458 10.0886 3.72001 13.0746 3.42142 7.45033 4.42477 13.2215 1.40236 4.46025 4.70763 12.0957 5.6173 5.0033 5.34431 5.20835 4.82573 0.305941 7.35084 15.9707 6.36051 3.8829 13.7327 5.28825 5.76032 1.52227 9.06998
0 9.04949 1.63169 4.56219 9.36451 9.70206 6.20932 9.37615 6.81401 7.31207 9.60068 5.75501 6.96375 4.68284 4.52982 12.5253 9.09405 13.532 4.46222 10.6901 15.6731 5.22024 9.50394 12.7264 11.0342 9.12044 11.8707 14.131 7.08079 9.85305 10.7438 0.920217 9.40811 7.18187 12.3502 2.77137 12.9464 10.6974 14.3929 999 7.04483 16.1038 7.57683 6.32204 7.53526 3.55614 4.37439 10.7019 9.94302 14.7064 15.8534 9.51065 10.6474 9.37213 5.58914 9.80748 14.1537 9.90883 12.4717 8.11971 12.0212 2.40354 14.3667 12.5267 11.0868 7.9942 8.83912 12.2128 9.20491 10.1677 11.487 14.696 12.4914 6.19317 11.6108 13.4675 3.95182 9.20666 8.66696 13.727 7.80611
0 2.09122 7.1642 6.85686 11.7118 12.7327 2.40875 12.2593 0.447772 10.6378 9.10277 6.51352 3.23687 2.48163 2.51531 10.2651 2.94156 15.9463 2.62254 12.8714 14.228 6.08935 10.665 14.1205 13.6972 12.3061 10.8212 15.3553 4.9441 4.08932 12.4232 6.58244 3.97175 1.66208 14.3878 5.67318 13.6564 7.29976 14.8469 7.04483 999 14.9757 8.54211 0.955249 9.57303 4.36287 2.86531 6.46177 5.09062 14.3625 14.6272 12.4309 12.2075 12.4543 2.17154 5.73956 12.8382 3.85659 11.7494 7.43985 10.87 4.92537 14.1606 15.1041 13.6359 3.07847 10.707 10.6324 9.85152 9.64079 14.1788 15.1349 9.49299 1.76082 9.40943 15.7585 3.16244 11.076 9.80472 13.603 5.78132
0 14.5803 14.5759 11.5419 8.19027 9.04762 12.8511 8.90342 14.5843 10.1956 6.55835 10.4335 11.8116 15.6193 14.9821 4.81922 12.8643 7.68625 14.661 7.46464 0.922822 11.0206 6.98634 5.6126 8.18732 9.42177 4.34885 5.12024 10.3183 11.9225 6.7376 15.2033 11.6341 13.3147 6.86431 13.4976 4.40545 7.90595 3.5182 16.1038 14.9757 999 8.55071 14.3517 8.97485 13.4686 15.8476 9.0934 10.4769 1.97408 0.376431 8.92126 6.63453 9.20294 13.5301 9.49537 2.14112 12.396 3.63456 8.22134 4.24147 14.5032 2.35637 7.94869 7.97642 11.9596 7.97653 4.35156 6.98669 5.97068 8.19421 3.45052 5.93635 16.3751 5.59044 7.40028 14.5977 7.75436 7.63387 2.84201 9.3911
0 9.27216 6.02717 3.02794 3.25 4.44639 6.13788 3.9588 8.09434 3.13413 2.29124 2.23224 5.55563 8.11065 7.4547 5.67173 7.97023 7.40438 7.11372 4.33365 8.18292 2.82016 2.21097 5.73049 5.20899 4.1699 4.46655 7.06969 3.87448 7.75857 3.9052 6.69149 7.209 7.16528 5.85712 5.09883 5.58564 5.44472 6.98101 7.57683 8.54211 8.55071 999 7.64514 1.39864 5.42333 8.21343 6.33834 6.7128 7.13801 8.31758 4.12685 3.706 4.23232 6.48584 5.79664 6.686 8.15477 4.93812 1.87555 4.64152 6.24066 6.80759 6.57177 5.12723 6.45434 2.19107 5.00625 1.6513 2.75812 5.68046 7.2869 6.2021 9.34012 4.92065 7.21997 6.85479 2.54395 1.30392 6.16889 3.45801
0 2.73125 6.31191 5.90161 10.7913 11.7958 1.56416 11.3243 0.552268 9.6865 8.3225 5.58198 2.54024 2.04841 1.8513 9.71356 3.05897 15.0478 1.86097 11.9662 13.6329 5.14487 9.79066 13.2673 12.777 11.3635 10.1319 14.5224 4.16156 4.10122 11.539 5.78973 3.85659 1.27475 13.4995 4.76366 12.8463 6.84485 14.0679 6.32204 0.955249 14.3517 7.64514 999 8.64491 3.44327 2.44182 6.14378 4.86013 13.6501 14.0108 11.4957 11.3279 11.5148 1.21824 5.34958 12.2106 3.97452 11.0415 6.62894 10.1927 4.09888 13.4329 14.1943 12.7198 2.69898 9.79723 10.0002 8.99694 8.87533 13.2599 14.3596 9.03479 2.04402 8.83028 14.8651 2.37539 10.1699 8.91964 12.8618 5.04016
0 10.4734 5.91346 3.27185 2.16668 3.18751 7.20351 2.70409 9.12799 1.77229 3.34975 3.06374 6.74685 8.8443 8.206 6.74036 9.25262 6.51464 7.87142 3.43402 8.73973 3.54887 2.02786 5.23802 4.14403 2.83868 5.25381 6.6369 5.1399 9.10494 3.26741 6.71609 8.55002 8.30201 5.07799 5.39093 5.41915 6.81745 6.87073 7.53526 9.57303 8.97485 1.39864 8.64491 999 6.01519 8.89198 7.73524 8.09707 7.34788 8.78957 2.87606 3.13959 2.93695 7.44624 7.19302 7.30942 9.48801 5.50669 3.273 5.44471 6.62148 6.98101 5.6004 4.10352 7.71656 1.33304 5.92855 2.09576 3.66947 4.63001 7.17178 7.41659 10.1944 6.07791 6.37038 7.53834 1.72073 1.37637 6.34881 4.81664
0 6.06012 3.00501 2.82661 8.16241 8.95724 2.79351 8.51946 3.99516 6.65974 6.93496 3.20315 3.42218 2.88259 2.29124 9.41222 5.73838 12.5234 1.9891 9.44917 12.9133 2.60492 7.62006 11.1208 10.1015 8.457 9.12387 12.4813 3.64523 6.37744 9.21406 2.76053 5.90371 3.92047 11.0874 1.3262 11.0006 7.26353 12.3729 3.55614 4.36287 13.4686 5.42333 3.44327 6.01519 999 2.886 7.16927 6.38851 12.3428 13.1762 8.68445 9.04635 8.64853 2.36546 6.27159 11.3973 6.48408 9.87598 5.24786 9.24407 1.21017 12.051 11.5887 10.0851 4.49755 7.3129 9.29538 7.03199 7.52958 10.5878 12.6779 9.19185 4.37937 8.47824 12.3848 1.55756 7.70466 6.71 11.4258 4.47036
0 4.95556 4.88517 5.70793 11.0451 11.8379 3.29201 11.4032 2.77483 9.51856 9.45685 5.98264 4.38863 0.395601 0.877268 11.4474 5.50073 15.4046 1.1868 12.3252 15.2091 5.4092 10.4239 13.9407 12.9874 11.3309 11.5162 15.2821 5.55763 6.52323 12.0618 4.10761 6.23622 3.65548 13.955 3.86588 13.74 8.82096 15.0728 4.37439 2.86531 15.8476 8.21343 2.44182 8.89198 2.886 999 8.31714 7.14582 14.8993 15.53 11.5676 11.885 11.527 2.49704 7.46199 13.7252 6.41474 12.3495 7.71918 11.6103 2.72905 14.6352 14.4736 12.9701 4.95429 10.1777 11.543 9.771 10.0457 13.4737 15.375 10.956 1.8348 10.5246 15.2622 1.36066 10.5686 9.51454 14.0262 6.48667
0 5.5852 9.77884 7.30442 9.2187 10.5423 5.037 10.0758 6.16709 9.45821 5.1 5.95971 3.97698 7.97178 7.4803 4.28916 3.87372 12.4963 7.25504 9.86828 8.24291 6.15072 7.48605 10.1365 10.915 10.3873 5.61894 11.0145 3.70775 2.84176 9.09886 9.8472 2.63213 4.89336 10.8966 8.04436 9.20489 1.3 9.99368 10.7019 6.46177 9.0934 6.33834 6.14378 7.73524 7.16927 8.31714 999 1.43544 9.01338 8.72157 10.2283 8.8411 10.3939 5.83675 0.898888 7.0636 3.30872 6.57541 4.46279 5.5728 8.37293 8.93278 11.9447 10.7657 3.44542 8.16192 5.06025 6.56245 5.33526 11.3113 10.2297 3.21002 8.13295 3.67491 12.2331 7.47412 8.38129 7.00357 8.51945 3.28494
0 4.15235 9.19981 7.05992 9.80816 11.0952 3.94463 10.6145 4.82511 9.73132 5.92008 5.84072 2.99708 6.7816 6.34555 5.65862 2.43852 13.3838 6.15627 10.6021 9.64061 5.89042 8.19046 11.1135 11.619 10.8704 6.81131 12.0872 3.35829 1.45344 9.89285 9.13736 1.19683 3.58816 11.7694 7.4223 10.2783 2.57955 11.1711 9.94302 5.09062 10.4769 6.7128 4.86013 8.09707 6.38851 7.14582 1.43544 999 10.2909 10.1076 10.7759 9.6388 10.9115 4.728 1.08908 8.41559 1.93311 7.78075 4.89541 6.78965 7.55596 10.183 12.7568 11.4877 2.19221 8.727 6.33942 7.25546 6.26039 12.0436 11.4211 4.63522 6.79777 4.96734 13.1344 6.44306 8.99335 7.58425 9.73236 3.31097
0 14.2406 13.1315 10.1659 6.33167 7.11472 12.1028 6.99758 13.9463 8.41458 5.44325 9.19405 11.1333 14.7094 14.0563 4.82445 12.5593 5.79583 13.7236 5.5237 2.36123 9.796 5.32184 3.64062 6.21752 7.51349 3.55732 3.27159 9.50682 11.7404 4.83597 13.8277 11.3749 12.7252 4.89532 12.2109 2.43988 7.73544 1.65327 14.7064 14.3625 1.97408 7.13801 13.6501 7.34788 12.3428 14.8993 9.01338 10.2909 999 2.01099 7.00469 4.75723 7.28544 12.7152 9.23542 2.2205 12.2212 2.61324 7.18017 3.53657 13.2955 0.396611 5.99584 6.00734 11.467 6.23897 3.95622 5.50145 4.8537 6.22013 1.68241 6.12278 15.6227 5.33974 5.50294 13.5953 5.9769 6.07166 1 8.61047
0 14.2153 14.3366 11.2936 8.08816 8.9888 12.5157 8.82543 14.2379 10.0555 6.28399 10.1636 11.4712 15.2976 14.6627 4.45152 12.4985 7.79016 14.3432 7.41627 0.562228 10.747 6.81974 5.6405 8.17573 9.34427 4.05231 5.23918 9.99268 11.5523 6.66352 14.9496 11.267 12.9657 6.89873 13.2301 4.39692 7.53865 3.62199 15.8534 14.6272 0.376431 8.31758 14.0108 8.78957 13.1762 15.53 8.72157 10.1076 2.01099 999 8.85037 6.54753 9.13212 13.2004 9.13013 1.80712 12.0253 3.38368 7.92849 3.93611 14.2216 2.36935 8.00656 7.96343 11.605 7.8276 4.0133 6.77594 5.70075 8.20498 3.58469 5.56102 16.0371 5.2331 7.50006 14.2876 7.6201 7.43734 2.78928 9.06424
0 13.3453 7.90107 5.8597 1.04048 0.320156 10.0736 0.172047 11.9875 2.2002 5.27186 5.91799 9.61818 11.559 10.9394 8.24341 12.0917 4.02179 10.6127 1.52735 8.98268 6.36242 2.88882 3.753 1.52398 0.52345 6.35416 5.04983 7.98437 11.876 2.18689 8.82164 11.33 11.178 2.96933 7.85315 4.60601 9.15621 5.92724 9.51065 12.4309 8.92126 4.12685 11.4957 2.87606 8.68445 11.5676 10.2283 10.7759 7.00469 8.85037 999 2.31976 0.28178 10.2887 9.80194 7.81883 12.2783 6.1485 5.88058 6.54599 9.10618 6.60818 3.02026 1.59248 10.5663 2.06652 7.20003 3.72839 5.29317 1.98063 6.18018 9.22625 12.9731 7.83202 3.96128 10.2369 1.87856 3.22486 6.07928 7.57594
0 12.7696 9.01823 6.38802 1.57813 2.49816 9.79878 2.28178 11.7603 3.73636 3.74532 5.91179 9.119 11.7991 11.1463 6.19578 11.3254 3.80033 10.8061 1.12058 6.66575 6.47603 1.54777 2.09955 2.17568 2.80016 4.22143 3.49738 7.37957 10.9 0.25807 9.84528 10.3903 10.7643 2.19713 8.51651 2.46629 7.64263 3.89709 10.6474 12.2075 6.63453 3.706 11.3279 3.13959 9.04635 11.885 8.8411 9.6388 4.75723 6.54753 2.31976 999 2.59979 10.1836 8.58544 5.50827 11.3434 3.88404 4.94313 4.40324 9.73432 4.36194 3.11835 1.99251 9.88717 1.81218 5.09322 2.43516 3.54683 2.5048 4.18298 7.30493 13.0461 5.93633 3.58218 10.5244 1.44101 2.41085 3.79989 6.74325
0 13.409 7.77093 5.82193 1.2657 0.33 10.1101 0.350143 12.0124 2.08166 5.47387 5.94764 9.6831 11.528 10.9142 8.48681 12.1807 4.16646 10.5902 1.79805 9.26368 6.3729 3.1127 4.01323 1.68882 0.27313 6.60981 5.29462 8.06921 11.9903 2.46862 8.70014 11.4413 11.2275 3.18925 7.78297 4.88415 9.33876 6.19839 9.37213 12.4543 9.20294 4.23232 11.5148 2.93695 8.64853 11.527 10.3939 10.9115 7.28544 9.13212 0.28178 2.59979 999 10.3039 9.9493 8.09556 12.3868 6.41892 6.01766 6.80237 9.03467 6.88896 3.15699 1.78354 10.6492 2.23949 7.45151 3.92852 5.51559 2.11946 6.44906 9.45402 12.9591 8.05961 4.12317 10.204 2.08691 3.39436 6.36095 7.68917
0 3.69616 5.34027 4.68876 9.5996 10.5871 0.799812 10.1175 1.74668 8.46832 7.32055 4.38269 1.89169 2.18057 1.64438 9.01698 3.50525 13.8781 1.42902 10.7908 12.852 3.93154 8.65569 12.1529 11.5846 10.15 9.24355 13.4316 3.2202 4.32949 10.3891 4.94122 3.94614 1.60003 12.3427 3.68828 11.7871 6.32719 13.0458 5.58914 2.17154 13.5301 6.48584 1.21824 7.44624 2.36546 2.49704 5.83675 4.728 12.7152 13.2004 10.2887 10.1836 10.3039 999 4.97205 11.3935 4.33757 10.1228 5.59652 9.32035 3.23006 12.4789 13.0125 11.5319 2.56909 8.61854 9.19079 7.88982 7.89041 12.0687 13.3417 8.47354 2.92494 8.10514 13.7013 1.75163 8.99511 7.77278 11.8917 4.14132
0 5.0852 8.90525 6.50294 8.81697 10.1198 4.17279 9.64353 5.41673 8.87465 4.85325 5.19189 3.09742 7.12407 6.61638 4.68129 3.36929 12.3149 6.38263 9.56663 8.68037 5.339 7.15856 10.0302 10.5935 9.92184 5.73624 10.9982 2.8517 2.51181 8.84075 8.95644 2.1487 4.12565 10.7023 7.16177 9.18923 1.60312 10.0886 9.80748 5.73956 9.49537 5.79664 5.34958 7.19302 6.27159 7.46199 0.898888 1.08908 9.23542 9.13013 9.80194 8.58544 9.9493 4.97205 999 7.40778 2.99206 6.70671 3.94032 5.72057 7.47457 9.11777 11.7036 10.4568 2.67232 7.74185 5.29419 6.22403 5.17828 11.0104 10.3408 3.76948 7.3657 3.93754 12.0629 6.58836 7.99243 6.58984 8.65754 2.53779
0 12.4859 12.6661 9.60705 6.94058 8.00641 10.711 7.76418 12.4451 8.72634 4.55443 8.42917 9.67051 13.4912 12.8571 2.77764 10.7753 7.59872 12.5384 6.51869 1.52315 9.00369 5.43994 5.17754 7.42214 8.27573 2.28974 5.24569 8.18566 9.86754 5.67708 13.2435 9.5544 11.178 6.40281 11.4957 3.86083 5.8362 3.72001 14.1537 12.8382 2.14112 6.686 12.2106 7.30942 11.3973 13.7252 7.0636 8.41559 2.2205 1.80712 7.81883 5.50827 8.09556 11.3935 7.40778 999 10.345 1.80422 6.15452 2.15557 12.4595 2.33566 7.58338 7.20936 9.83165 6.49598 2.21045 5.23345 3.9873 7.5535 3.83078 4.00762 14.2342 3.47761 7.29801 12.488 6.35079 5.93461 2.31487 7.25713
0 2.38757 9.47026 7.86818 11.3573 12.5983 3.7085 12.1114 3.73419 11.0041 7.68843 6.86132 3.21646 6.02242 5.7477 7.5817 0.924175 15.1251 5.65466 12.2528 11.5506 6.74976 9.84846 12.9211 13.2383 12.3166 8.72812 13.9434 4.39739 0.480833 11.5926 9.20931 0.955249 2.80318 13.5088 7.70546 12.1401 4.5107 13.0746 9.90883 3.85659 12.396 8.15477 3.97452 9.48801 6.48408 6.41474 3.30872 1.93311 12.2212 12.0253 12.2783 11.3434 12.3868 4.33757 2.99206 10.345 999 9.69868 6.45654 8.7122 7.51899 12.1086 14.4487 13.1218 2.0501 10.2733 8.27162 8.92127 8.07759 13.6812 13.3293 6.51406 5.61587 6.90045 14.886 6.06862 10.5718 9.1641 11.6493 4.7037
0 11.6578 10.9531 7.91076 5.2212 6.36134 9.49801 6.07846 11.3337 6.93307 2.94245 6.80424 8.52115 12.1458 11.4971 2.72406 9.9909 6.579 11.1679 4.96049 3.25466 7.39479 3.64651 4.0702 5.94153 6.58034 0.970824 4.592 6.9074 9.21852 4.08397 11.5697 8.82717 10.1122 5.17363 9.86554 2.86252 5.27731 3.42142 12.4717 11.7494 3.63456 4.93812 11.0415 5.50669 9.87598 12.3495 6.57541 7.78075 2.61324 3.38368 6.1485 3.88404 6.41892 10.1228 6.70671 1.80422 9.69868 999 4.64759 1.00344 10.8862 2.43387 6.36108 5.73468 8.86292 4.70916 1.61941 3.4384 2.34917 6.1463 3.65427 4.02952 13.0222 2.9435 6.28339 11.0655 4.58486 4.13304 1.95167 6.00403
0 7.83486 6.74496 3.72404 4.92108 6.19998 5.06519 5.71906 7.00041 5.00165 1.73934 2.37592 4.24694 7.5326 6.87786 4.44173 6.38681 8.74345 6.54413 5.80293 7.6742 2.90172 3.41434 6.72037 6.78178 5.98344 3.87621 7.92023 2.50282 6.03312 5.18368 7.19995 5.50158 5.90397 7.13628 5.39218 6.21914 3.60612 7.45033 8.11971 7.43985 8.22134 1.87555 6.62894 3.273 5.24786 7.71918 4.46279 4.89541 7.18017 7.92849 5.88058 4.94313 6.01766 5.59652 3.94032 6.15452 6.45654 4.64759 999 3.9993 6.30765 6.91968 8.01648 6.66636 4.94659 3.83725 4.106 2.50912 2.32648 7.22596 7.74551 4.66554 8.52137 3.56069 8.52193 6.42137 4.12012 2.70978 6.31751 1.80014
0 10.7043 10.5547 7.49011 5.55534 6.79047 8.66582 6.45368 10.4621 7.02249 2.42539 6.28301 7.65847 11.3878 10.7472 1.84895 9.02588 7.42994 10.4242 5.5183 3.67708 6.85309 3.80837 4.93009 6.54847 6.93149 0.196469 5.55874 6.10086 8.23163 4.63168 11.108 7.85016 9.22157 5.95628 9.34728 3.79206 4.27538 4.42477 12.0212 10.87 4.24147 4.64152 10.1927 5.44471 9.24407 11.6103 5.5728 6.78965 3.53657 3.93611 6.54599 4.40324 6.80237 9.32035 5.72057 2.15557 8.7122 1.00344 3.9993 999 10.304 3.39841 7.12769 6.35034 7.93841 4.87049 0.709366 3.35418 1.88809 6.80574 4.65706 3.10363 12.1953 1.9462 7.1395 10.3562 4.82545 4.08354 2.94878 5.18028
0 6.81898 2.24949 3.35013 8.70359 9.35569 3.81285 8.94882 4.62768 6.97655 7.94667 4.10157 4.56745 2.88998 2.49201 10.562 6.72191 13.0492 2.31102 10.022 13.9806 3.50081 8.384 11.8302 10.5791 8.81921 10.1745 13.2142 4.84952 7.45268 9.88032 1.71237 7.00469 4.83009 11.6847 1.2532 11.8179 8.47132 13.2215 2.40354 4.92537 14.5032 6.24066 4.09888 6.62148 1.21017 2.72905 8.37293 7.55596 13.2955 14.2216 9.10618 9.73432 9.03467 3.23006 7.47457 12.4595 7.51899 10.8862 6.30765 10.304 999 12.9882 12.0835 10.5856 5.59086 7.95016 10.3946 7.88458 8.53774 11.0597 13.5274 10.3815 4.49484 9.63042 12.9338 1.76876 8.34049 7.48444 12.3556 5.65749
0 14.0909 12.7858 9.83478 5.93709 6.71897 11.8802 6.60097 13.7405 8.02619 5.18036 8.88861 10.9265 14.4523 13.7973 4.80652 12.4202 5.48106 13.463 5.12851 2.68002 9.49174 4.95347 3.27124 5.83106 7.11688 3.39838 2.99292 9.28005 11.6279 4.43952 13.4921 11.2485 12.5311 4.52943 11.8917 2.0501 7.64511 1.40236 14.3667 14.1606 2.35637 6.80759 13.4329 6.98101 12.051 14.6352 8.93278 10.183 0.396611 2.36935 6.60818 4.36194 6.88896 12.4789 9.11777 2.33566 12.1086 2.43387 6.91968 3.39841 12.9882 999 5.64401 5.62032 11.2948 5.85769 3.87489 5.16431 4.59657 5.84213 1.49513 6.12053 15.3929 5.25952 5.18545 13.3234 5.59072 5.71833 0.639766 8.39343
0 15.8017 10.9204 8.7857 3.43444 2.82781 12.7053 3.1631 14.6566 5.22001 6.85861 8.64043 12.1095 14.4385 13.8037 8.97625 14.402 1.01272 13.4701 2.24009 8.31565 9.14702 4.60401 2.41251 1.50748 3.41503 6.97253 2.99767 10.3916 14.0092 2.864 11.8419 13.4943 13.7333 1.19101 10.8311 3.72839 10.7273 4.46025 12.5267 15.1041 7.94869 6.57177 14.1943 5.6004 11.5887 14.4736 11.9447 12.7568 5.99584 8.00656 3.02026 3.11835 3.15699 13.0125 11.7036 7.58338 14.4487 6.36108 8.01648 7.12769 12.0835 5.64401 999 1.50373 12.9375 4.39742 7.83694 5.5275 6.62091 1.04005 4.5988 10.1879 15.793 8.87081 1.02416 13.1264 4.02952 5.36191 5.35034 9.81206
0 14.3898 9.4707 7.28253 1.93706 1.47462 11.2436 1.71418 13.1889 3.77625 5.66912 7.15359 10.681 12.9364 12.3027 8.16633 13.0306 2.46812 11.9697 0.898888 8.18074 7.65216 3.29844 2.45459 0.213776 2.05572 6.17493 3.60111 8.98014 12.6933 1.7429 10.3811 12.1666 12.2915 1.43391 9.33381 3.57123 9.59409 4.70763 11.0868 13.6359 7.97642 5.12723 12.7198 4.10352 10.0851 12.9701 10.7657 11.4877 6.00734 7.96343 1.59248 1.99251 1.78354 11.5319 10.4568 7.20936 13.1218 5.73468 6.66636 6.35034 10.5856 5.62032 1.50373 999 11.5444 2.93777 7.05025 4.2334 5.52059 0.559732 4.92441 9.29433 14.2979 7.92846 2.3817 11.6235 2.58801 3.96914 5.18267 8.44619
0 2.89389 7.45526 5.84504 9.70222 10.8838 1.8186 10.3961 2.74476 9.1323 6.43507 4.91945 1.16709 4.58939 4.16252 7.20768 1.55081 13.6868 3.9883 10.7064 11.1896 4.75083 8.34995 11.6354 11.6415 10.5546 7.9097 12.7726 2.58211 1.88322 10.1251 7.25 1.414 1.45413 12.0821 5.68032 11.0092 4.22129 12.0957 7.9942 3.07847 11.9596 6.45434 2.69898 7.71656 4.49755 4.95429 3.44542 2.19221 11.467 11.605 10.5663 9.88717 10.6492 2.56909 2.67232 9.83165 2.0501 8.86292 4.94659 7.93841 5.59086 11.2948 12.9375 11.5444 999 8.63109 7.64094 7.45523 6.91616 12.1028 12.3718 6.4148 4.69622 6.3732 13.4678 4.31189 8.9601 7.5808 10.7692 3.15006
0 11.4613 7.21146 4.60004 1.08467 2.3816 8.31004 1.9145 10.2596 2.23544 3.25555 4.25968 7.74665 10.1144 9.46911 6.41873 10.1341 5.26541 9.13158 2.1735 7.84251 4.79017 1.06977 3.90749 3.01808 2.2655 4.67402 5.30849 6.05696 9.85999 1.93437 8.03338 9.32071 9.35387 3.77733 6.72269 4.16358 7.09931 5.6173 8.83912 10.707 7.97653 2.19107 9.79723 1.33304 7.3129 10.1777 8.16192 8.727 6.23897 7.8276 2.06652 1.81218 2.23949 8.61854 7.74185 6.49598 10.2733 4.70916 3.83725 4.87049 7.95016 5.85769 4.39742 2.93777 8.63109 999 5.45869 1.71686 3.36095 3.4897 5.91379 7.29715 11.4234 5.90762 5.10161 8.81955 0.392046 1.15836 5.24183 5.57245
0 10.3412 10.7914 7.73039 6.19589 7.45217 8.50248 7.1018 10.237 7.56315 2.722 6.45782 7.46006 11.3008 10.6717 1.14061 8.64251 8.13181 10.3568 6.21112 3.66657 7.00406 4.411 5.62859 7.24694 7.57057 0.875557 6.21112 5.99167 7.79108 5.32542 11.2945 7.44071 8.97339 6.66478 9.49756 4.46687 3.77922 5.0033 12.2128 10.6324 4.35156 5.00625 10.0002 5.92855 9.29538 11.543 5.06025 6.33942 3.95622 4.0133 7.20003 5.09322 7.45151 9.19079 5.29419 2.21045 8.27162 1.61941 4.106 0.709366 10.3946 3.87489 7.83694 7.05025 7.64094 5.45869 999 3.86747 2.27238 7.51027 5.21722 2.4163 12.0243 1.38539 7.84031 10.3257 5.44208 4.59518 3.4951 5.06175
0 10.3413 7.6345 4.67247 2.69312 4.03093 7.44809 3.59006 9.4064 3.69778 1.54538 3.8289 6.71501 9.6435 8.98392 4.75635 8.89043 6.2351 8.64279 3.34677 6.68923 4.42946 0.935094 4.27056 4.36976 3.97549 3.16185 5.54553 4.9691 8.48322 2.6784 8.3279 7.96684 8.3678 4.62716 6.75 3.97283 5.4434 5.34431 9.20491 9.85152 6.98669 1.6513 8.99694 2.09576 7.03199 9.771 6.56245 7.25546 5.50145 6.77594 3.72839 2.43516 3.92852 7.88982 6.22403 5.23345 8.92127 3.4384 2.50912 3.35418 7.88458 5.16431 5.5275 4.2334 7.45523 1.71686 3.86747 999 1.66769 4.7884 5.64982 5.58605 10.7928 4.20043 6.01282 8.42005 1.85054 0.730068 4.52482 4.3089
0 9.79186 8.68113 5.62014 4.254 5.57953 7.31448 5.16896 9.21082 5.34734 0.594811 4.46346 6.40695 9.85731 9.2034 3.09298 8.20737 7.163 8.87019 4.62455 5.50543 5.05 2.40441 4.85334 5.68859 5.58911 1.72003 5.88239 4.71377 7.6119 3.80434 9.25898 7.14583 8.0449 5.56138 7.52942 4.09832 4.10641 5.20835 10.1677 9.64079 5.97068 2.75812 8.87533 3.66947 7.52958 10.0457 5.33526 6.26039 4.8537 5.70075 5.29317 3.54683 5.51559 7.89041 5.17828 3.9873 8.07759 2.34917 2.32648 1.88809 8.53774 4.59657 6.62091 5.52059 6.91616 3.36095 2.27238 1.66769 999 6.04797 5.49459 3.94244 10.8104 2.54951 6.90281 8.74486 3.43233 2.37306 4.0018 3.86174
0 14.9462 9.88032 7.77571 2.46911 1.7912 11.7895 2.1253 13.7321 4.18005 6.21233 7.68766 11.2355 13.4471 12.8167 8.63487 13.5901 2.04707 12.4851 1.44461 8.45332 8.1781 3.85331 2.59255 0.487032 2.38027 6.63495 3.56972 9.53721 13.2523 2.24949 10.8022 12.726 12.8431 1.40064 9.80672 3.81274 10.1322 4.82573 11.487 14.1788 8.19421 5.68046 13.2599 4.63001 10.5878 13.4737 11.3113 12.0436 6.22013 8.20498 1.98063 2.5048 2.11946 12.0687 11.0104 7.5535 13.6812 6.1463 7.22596 6.80574 11.0597 5.84213 1.04005 0.559732 12.1028 3.4897 7.51027 4.7884 6.04797 999 5.01678 9.78464 14.8215 8.42769 2.01326 12.1311 3.14453 4.52869 5.44885 9.00588
0 15.2169 13.0811 10.2593 5.7171 6.22223 12.7962 6.21155 14.7039 7.91281 6.03729 9.47629 11.9015 15.2232 14.5635 6.21884 13.5789 4.24615 14.2243 4.65285 4.00346 10.0781 5.19724 2.472 5.12001 6.70351 4.6158 1.67362 10.2008 12.8504 4.17235 13.8556 12.4415 13.5373 3.6225 12.3705 1.75308 8.9315 0.305941 14.696 15.1349 3.45052 7.2869 14.3596 7.17178 12.6779 15.375 10.2297 11.4211 1.68241 3.58469 6.18018 4.18298 6.44906 13.3417 10.3408 3.83078 13.3293 3.65427 7.74551 4.65706 13.5274 1.49513 4.5988 4.92441 12.3718 5.91379 5.21722 5.64982 5.49459 5.01678 999 7.54189 16.2666 6.58384 3.96561 14.0358 5.58168 6.06585 1.72235 9.3562
0 8.78661 11.2628 8.33772 8.18988 9.50606 7.70104 9.10618 9.15242 9.16991 4.09275 6.93715 6.59644 10.6537 10.0832 1.32458 7.06915 10.5286 9.80658 8.42214 5.06188 7.36395 6.34136 8.03271 9.48053 9.53138 3.23631 8.61931 5.56705 6.05067 7.55165 11.5799 5.82516 7.8556 9.03129 9.72056 6.88315 2.19477 7.35084 12.4914 9.49299 5.93635 6.2021 9.03479 7.41659 9.19185 10.956 3.21002 4.63522 6.12278 5.56102 9.22625 7.30493 9.45402 8.47354 3.76948 4.00762 6.51406 4.02952 4.66554 3.10363 10.3815 6.12053 10.1879 9.29433 6.4148 7.29715 2.4163 5.58605 3.94244 9.78464 7.54189 999 11.0734 1.39442 10.2396 9.90241 7.37391 6.25007 5.82893 4.724
0 3.66722 6.69855 7.16443 12.3609 13.2583 3.52945 12.8045 1.97266 11.0145 10.2433 7.16397 4.56951 1.60562 2.09402 11.7561 4.70231 16.6878 2.3914 13.595 15.666 6.64606 11.5332 15.0441 14.3348 12.7816 12.1273 16.3382 6.11596 5.84825 13.2429 5.94079 5.71004 3.24238 15.1811 5.53521 14.7073 8.88119 15.9707 6.19317 1.76082 16.3751 9.34012 2.04402 10.1944 4.37937 1.8348 8.13295 6.79777 15.6227 16.0371 12.9731 13.0461 12.9591 2.92494 7.3657 14.2342 5.61587 13.0222 8.52137 12.1953 4.49484 15.3929 15.793 14.2979 4.69622 11.4234 12.0243 10.7928 10.8104 14.8215 16.2666 11.0734 999 10.8697 16.524 2.8533 11.8076 10.6389 14.81 7.0208
0 9.00925 10.2893 7.28453 6.79548 8.11246 7.37921 7.71176 9.0292 7.81673 2.73251 5.91937 6.30354 10.2568 9.6477 0.934933 7.30083 9.26232 9.34654 7.04969 4.81923 6.40466 4.94696 6.79106 8.11128 8.13772 2.03089 7.49627 4.98225 6.42055 6.18594 10.6915 6.08619 7.74744 7.73125 8.84898 5.71344 2.39754 6.36051 11.6108 9.40943 5.59044 4.92065 8.83028 6.07791 8.47824 10.5246 3.67491 4.96734 5.33974 5.2331 7.83202 5.93633 8.05961 8.10514 3.93754 3.47761 6.90045 2.9435 3.56069 1.9462 9.63042 5.25952 8.87081 7.92846 6.3732 5.90762 1.38539 4.20043 2.54951 8.42769 6.58384 1.39442 10.8697 999 8.979 9.36923 5.97994 4.87543 4.86465 4.06647
0 16.3516 11.8523 9.60852 4.23274 3.79779 13.3513 4.09176 15.3108 6.15575 7.21489 9.36003 12.6968 15.2095 14.567 8.97778 14.8968 0.300832 14.2303 2.93743 7.8607 9.89059 5.12707 2.21416 2.43852 4.38809 7.00341 2.29532 10.96 14.4349 3.35013 12.7623 13.9364 14.3382 1.38571 11.6849 3.47301 10.9809 3.8829 13.4675 15.7585 7.40028 7.21997 14.8651 6.37038 12.3848 15.2622 12.2331 13.1344 5.50294 7.50006 3.96128 3.58218 4.12317 13.7013 12.0629 7.29801 14.886 6.28339 8.52193 7.1395 12.9338 5.18545 1.02416 2.3817 13.4678 5.10161 7.84031 6.01282 6.90281 2.01326 3.96561 10.2396 16.524 8.979 999 13.9076 4.71641 5.95713 4.99704 10.3214
0 5.10656 4.01688 4.38248 9.69521 10.5117 2.50218 10.0713 2.88487 8.21689 8.15294 4.62327 3.49927 1.32503 0.763806 10.3003 5.20963 14.0525 0.54231 10.9703 13.985 4.04856 9.06479 12.5809 11.6444 10.0139 10.254 13.9242 4.38827 6.078 10.7014 3.42475 5.69724 3.28123 12.5969 2.6876 12.3913 7.82614 13.7327 3.95182 3.16244 14.5977 6.85479 2.37539 7.53834 1.55756 1.36066 7.47412 6.44306 13.5953 14.2876 10.2369 10.5244 10.204 1.75163 6.58836 12.488 6.06862 11.0655 6.42137 10.3562 1.76876 13.3234 13.1264 11.6235 4.31189 8.81955 10.3257 8.42005 8.74486 12.1311 14.0358 9.90241 2.8533 9.36923 13.9076 999 9.21014 8.15515 12.7095 5.30427
0 11.8019 7.57729 4.99036 0.84309 2.18048 8.67597 1.74385 10.6284 2.44322 3.3933 4.64362 8.09395 10.5038 9.85787 6.44078 10.4539 4.88436 9.52007 1.79627 7.65969 5.1782 1.04005 3.528 2.68151 2.15838 4.62964 4.93098 6.39269 10.1524 1.54935 8.40755 9.61769 9.70893 3.38693 7.11158 3.83767 7.28717 5.28825 9.20666 11.076 7.75436 2.54395 10.1699 1.72073 7.70466 10.5686 8.38129 8.99335 5.9769 7.6201 1.87856 1.44101 2.08691 8.99511 7.99243 6.35079 10.5718 4.58486 4.12012 4.82545 8.34049 5.59072 4.02952 2.58801 8.9601 0.392046 5.44208 1.85054 3.43233 3.14453 5.58168 7.37391 11.8076 5.97994 4.71641 9.21014 999 1.41113 4.98511 5.87872
0 10.4399 7.07306 4.19345 2.22713 3.53952 7.39639 3.07247 9.35719 2.97594 2.16333 3.53193 6.75254 9.41424 8.7585 5.46601 9.06164 6.15367 8.41755 3.12623 7.37295 4.11311 0.910494 4.4272 4.07708 3.40595 3.89082 5.77281 5.02977 8.74277 2.61947 7.80801 8.20959 8.386 4.58314 6.30908 4.3382 5.94811 5.76032 8.66696 9.80472 7.63387 1.30392 8.91964 1.37637 6.71 9.51454 7.00357 7.58425 6.07166 7.43734 3.22486 2.41085 3.39436 7.77278 6.58984 5.93461 9.1641 4.13304 2.70978 4.08354 7.48444 5.71833 5.36191 3.96914 7.5808 1.15836 4.59518 0.730068 2.37306 4.52869 6.06585 6.25007 10.6389 4.87543 5.95713 8.15515 1.41113 999 5.07986 4.47786
0 13.5869 12.1463 9.19576 5.36601 6.20735 11.3051 6.06252 13.1795 7.42571 4.57919 8.25751 10.3666 13.8484 13.1922 4.50459 11.9298 5.29714 12.8569 4.62896 3.00456 8.86102 4.32227 2.94043 5.3957 6.58062 2.92139 2.94267 8.70331 11.1693 3.89649 12.8525 10.7739 11.9821 4.19526 11.2552 1.64104 7.22336 1.52227 13.727 13.603 2.84201 6.16889 12.8618 6.34881 11.4258 14.0262 8.51945 9.73236 1 2.78928 6.07928 3.79989 6.36095 11.8917 8.65754 2.31487 11.6493 1.95167 6.31751 2.94878 12.3556 0.639766 5.35034 5.18267 10.7692 5.24183 3.4951 4.52482 4.0018 5.44885 1.72235 5.82893 14.81 4.86465 4.99704 12.7095 4.98511 5.07986 999 7.82663
0 6.04209 6.68618 4.03299 6.65553 7.89604 3.49414 7.40962 5.35434 6.42223 3.3373 2.67479 2.54558 6.23929 5.61307 4.99925 4.59004 10.5436 5.30215 7.59161 8.728 2.89871 5.21277 8.49236 8.55459 7.62714 5.10757 9.65487 0.930054 4.30116 6.9837 6.90532 3.7541 4.18571 8.93588 5.0479 7.9148 2.92479 9.06998 7.80611 5.78132 9.3911 3.45801 5.04016 4.81664 4.47036 6.48667 3.28494 3.31097 8.61047 9.06424 7.57594 6.74325 7.68917 4.14132 2.53779 7.25713 4.7037 6.00403 1.80014 5.18028 5.65749 8.39343 9.81206 8.44619 3.15006 5.57245 5.06175 4.3089 3.86174 9.00588 9.3562 4.724 7.0208 4.06647 10.3214 5.30427 5.87872 4.47786 7.82663 999