0 0 0 0 0 0 0 0 0 0 0 0 0 0
0 999 5.55252 6.49223 10.5304 10.4445 2.13825 10.1531 4.1103 8.71236 8.84672 5.33259 2.94442 2.32863
0 5.55252 999 2.39927 7.8323 9.84165 6.05601 8.6894 2.46238 10.1679 9.43319 6.77709 5.76442 4.04586
0 6.49223 2.39927 999 5.4331 7.66689 6.17159 6.38755 4.63728 8.57565 7.60608 5.62694 5.51545 5.73415
0 10.5304 7.8323 5.4331 999 3.93581 9.19009 2.23271 9.95828 7.01642 5.52015 6.51614 8.19622 10.6381
0 10.4445 9.84165 7.66689 3.93581 999 8.55185 1.71406 11.378 3.71065 2.31294 5.23791 7.57149 11.3798
0 2.13825 6.05601 6.17159 9.19009 8.55185 999 8.47212 5.43118 6.58513 6.80243 3.33122 1.01533 4.09422
0 10.1531 8.6894 6.38755 2.23271 1.71406 8.47212 999 10.4729 4.9582 3.44896 5.35213 7.458 10.7485
0 4.1103 2.46238 4.63728 9.95828 11.378 5.43118 10.4729 999 10.9444 10.5193 7.33273 5.57066 1.9703
0 8.71236 10.1679 8.57565 7.01642 3.71065 6.58513 4.9582 10.9444 999 1.51003 3.62494 5.82334 10.3041
0 8.84672 9.43319 7.60608 5.52015 2.31294 6.80243 3.44896 10.5193 1.51003 999 3.5171 5.90269 10.1482
0 5.33259 6.77709 5.62694 6.51614 5.23791 3.33122 5.35213 7.33273 3.62494 3.5171 999 2.39201 6.71029
0 2.94442 5.76442 5.51545 8.19622 7.57149 1.01533 7.458 5.57066 5.82334 5.90269 2.39201 999 4.54688
0 2.32863 4.04586 5.73415 10.6381 11.3798 4.09422 10.7485 1.9703 10.3041 10.1482 6.71029 4.54688 999