0 0 0 0 0 0 0 0 0 0 0 0 0 0 0 0 0 0 0 0 0 0 0 0 0 0
0 999 12 13 10 16 7 3 4 7 6 19 14 14 19 7 1 15 15 17 17 5 5 5 1 20
0 12 999 1 20 19 9 12 9 7 16 17 18 2 18 1 15 18 2 19 3 8 2 5 19 3
0 13 1 999 10 19 19 7 17 18 10 20 18 15 9 7 9 17 3 18 18 11 7 12 6 14
0 10 20 10 999 14 15 13 3 20 18 11 12 1 17 17 13 16 19 15 13 10 6 7 4 16
0 16 19 19 14 999 17 5 11 3 9 13 14 19 4 8 6 19 8 14 15 2 12 11 11 9
0 7 9 19 15 17 999 4 6 16 9 13 14 19 20 19 19 1 19 2 12 18 13 10 1 15
0 3 12 7 13 5 4 999 7 7 19 16 15 19 19 15 1 2 15 3 16 17 19 1 17 2
0 4 9 17 3 11 6 7 999 4 11 13 2 14 2 12 3 7 13 2 12 9 18 9 19 9
0 7 7 18 20 3 16 7 4 999 16 20 14 2 6 18 20 7 4 13 2 17 3 16 16 7
0 6 16 10 18 9 9 19 11 16 999 18 19 17 3 10 11 20 2 5 9 11 19 14 3 14
0 19 17 20 11 13 13 16 13 20 18 999 20 8 5 11 12 9 20 19 11 9 12 5 12 3
0 14 18 18 12 14 14 15 2 14 19 20 999 15 1 4 15 1 20 8 17 15 5 5 17 11
0 14 2 15 1 19 19 19 14 2 17 8 15 999 3 5 4 1 2 5 13 18 20 8 15 19
0 19 18 9 17 4 20 19 2 6 3 5 1 3 999 13 19 7 10 12 3 9 13 3 11 11
0 7 1 7 17 8 19 15 12 18 10 11 4 5 13 999 12 9 19 16 4 2 11 18 11 8
0 1 15 9 13 6 19 1 3 20 11 12 15 4 19 12 999 12 15 13 9 7 6 11 7 12
0 15 18 17 16 19 1 2 7 7 20 9 1 1 7 9 12 999 1 20 3 18 9 10 13 16
0 15 2 3 19 8 19 15 13 4 2 20 20 2 10 19 15 1 999 16 6 16 15 10 10 13
0 17 19 18 15 14 2 3 2 13 5 19 8 5 12 16 13 20 16 999 9 11 10 8 5 12
0 17 3 18 13 15 12 16 12 2 9 11 17 13 3 4 9 3 6 9 999 1 15 4 8 5
0 5 8 11 10 2 18 17 9 17 11 9 15 18 9 2 7 18 16 11 1 999 5 20 9 9
0 5 2 7 6 12 13 19 18 3 19 12 5 20 13 11 6 9 15 10 15 5 999 18 2 7
0 5 5 12 7 11 10 1 9 16 14 5 5 8 3 18 11 10 10 8 4 20 18 999 14 14
0 1 19 6 4 11 1 17 19 16 3 12 17 15 11 11 7 13 10 5 8 9 2 14 999 10
0 20 3 14 16 9 15 2 9 7 14 3 11 19 11 8 12 16 13 12 5 9 7 14 10 999