0 0 0 0 0 0 0 0 0 0 0 0 0 0 0 0 0 0 0 0 0 0 0 0 0 0 0 0 0 0 0 0 0 0 0 0 0 0 0 0 0 0
0 999 15 8 3 18 1 19 7 6 16 17 7 2 14 9 6 4 19 14 4 1 19 1 13 9 5 17 13 9 8 15 4 20 12 17 5 10 8 8 12 5
0 15 999 9 17 8 10 1 12 1 4 9 15 14 19 20 4 6 4 13 14 1 19 6 9 9 14 10 1 14 12 20 19 13 11 9 13 7 10 16 3 2
0 8 9 999 1 16 2 8 3 14 6 20 3 15 6 13 14 20 7 16 12 1 6 10 12 18 1 18 17 16 12 7 14 19 6 5 16 20 15 20 5 18
0 3 17 1 999 2 18 5 9 3 19 17 10 2 2 12 20 4 1 18 10 9 7 17 6 11 1 9 18 11 15 15 9 1 5 14 20 4 9 10 5 2
0 18 8 16 2 999 18 20 12 13 14 17 4 8 4 18 12 8 17 16 7 14 4 5 16 19 15 7 14 9 16 16 4 10 12 9 4 2 15 3 1 10
0 1 10 2 18 18 999 8 11 9 13 18 16 20 10 3 14 14 16 8 18 3 1 9 4 5 2 15 12 17 1 19 16 6 5 8 18 18 14 16 10 7
0 19 1 8 5 20 8 999 20 15 1 9 10 13 16 1 5 13 10 17 3 2 11 4 5 5 11 17 20 19 6 3 7 12 9 20 11 7 5 6 5 16
0 7 12 3 9 12 11 20 999 11 9 16 12 8 10 11 12 2 7 13 17 10 20 17 6 7 18 17 18 15 14 5 12 4 4 9 12 18 1 15 16 20
0 6 1 14 3 13 9 15 11 999 14 6 15 16 6 8 12 18 1 20 10 19 9 15 3 6 9 4 19 11 1 19 6 8 9 16 4 9 5 3 7 6
0 16 4 6 19 14 13 1 9 14 999 5 9 18 18 12 8 14 6 6 20 2 16 7 7 11 10 10 10 15 2 18 20 9 19 18 14 10 20 6 16 14
0 17 9 20 17 17 18 9 16 6 5 999 19 5 16 2 4 14 20 4 11 4 4 16 19 9 20 14 9 16 3 16 1 14 13 9 6 14 2 18 20 12
0 7 15 3 10 4 16 10 12 15 9 19 999 15 4 17 8 4 14 9 6 15 12 11 13 1 4 11 8 6 1 1 17 10 9 18 4 5 7 6 2 10
0 2 14 15 2 8 20 13 8 16 18 5 15 999 20 1 7 7 17 14 8 8 14 13 1 6 6 8 14 10 11 12 5 7 19 16 11 7 18 10 10 17
0 14 19 6 2 4 10 16 10 6 18 16 4 20 999 2 17 10 11 1 16 18 17 18 5 18 10 7 11 19 13 20 20 15 16 12 6 13 16 8 17 15
0 9 20 13 12 18 3 1 11 8 12 2 17 1 2 999 4 20 10 6 16 6 9 18 8 20 11 7 13 18 2 10 6 3 13 12 19 12 13 8 18 7
0 6 4 14 20 12 14 5 12 12 8 4 8 7 17 4 999 8 7 16 8 16 13 11 2 16 1 11 4 13 6 9 17 19 4 6 1 17 12 9 17 2
0 4 6 20 4 8 14 13 2 18 14 14 4 7 10 20 8 999 8 9 10 13 4 17 4 20 10 1 20 1 1 12 4 9 15 18 15 20 5 8 13 5
0 19 4 7 1 17 16 10 7 1 6 20 14 17 11 10 7 8 999 2 13 3 1 8 19 6 2 2 6 16 2 13 13 12 6 5 7 11 16 18 12 11
0 14 13 16 18 16 8 17 13 20 6 4 9 14 1 6 16 9 2 999 6 16 20 19 8 8 10 7 19 9 17 5 20 1 7 12 1 11 3 16 3 17
0 4 14 12 10 7 18 3 17 10 20 11 6 8 16 16 8 10 13 6 999 5 18 8 5 19 18 1 18 2 2 2 4 5 13 12 15 6 15 19 12 15
0 1 1 1 9 14 3 2 10 19 2 4 15 8 18 6 16 13 3 16 5 999 18 2 8 14 6 12 11 11 17 20 9 18 11 7 18 1 12 4 19 4
0 19 19 6 7 4 1 11 20 9 16 4 12 14 17 9 13 4 1 20 18 18 999 13 8 10 15 7 20 10 2 2 4 9 14 15 5 6 16 4 1 2
0 1 6 10 17 5 9 4 17 15 7 16 11 13 18 18 11 17 8 19 8 2 13 999 3 20 9 8 19 1 15 8 16 5 9 2 15 9 10 20 3 8
0 13 9 12 6 16 4 5 6 3 7 19 13 1 5 8 2 4 19 8 5 8 8 3 999 8 13 10 7 2 14 19 15 6 16 15 19 13 20 7 8 10
0 9 9 18 11 19 5 5 7 6 11 9 1 6 18 20 16 20 6 8 19 14 10 20 8 999 8 17 11 20 19 4 17 16 18 5 5 15 8 12 1 4
0 5 14 1 1 15 2 11 18 9 10 20 4 6 10 11 1 10 2 10 18 6 15 9 13 8 999 15 11 14 12 20 5 18 9 9 6 18 4 12 2 17
0 17 10 18 9 7 15 17 17 4 10 14 11 8 7 7 11 1 2 7 1 12 7 8 10 17 15 999 7 11 11 2 19 14 11 5 14 9 6 9 19 10
0 13 1 17 18 14 12 20 18 19 10 9 8 14 11 13 4 20 6 19 18 11 20 19 7 11 11 7 999 8 8 12 1 17 7 20 11 13 20 7 12 11
0 9 14 16 11 9 17 19 15 11 15 16 6 10 19 18 13 1 16 9 2 11 10 1 2 20 14 11 8 999 18 15 15 5 3 16 3 18 12 6 14 10
0 8 12 12 15 16 1 6 14 1 2 3 1 11 13 2 6 1 2 17 2 17 2 15 14 19 12 11 8 18 999 12 1 17 9 1 6 4 7 12 12 16
0 15 20 7 15 16 19 3 5 19 18 16 1 12 20 10 9 12 13 5 2 20 2 8 19 4 20 2 12 15 12 999 19 3 17 6 15 2 2 8 11 5
0 4 19 14 9 4 16 7 12 6 20 1 17 5 20 6 17 4 13 20 4 9 4 16 15 17 5 19 1 15 1 19 999 4 14 3 3 5 2 2 20 15
0 20 13 19 1 10 6 12 4 8 9 14 10 7 15 3 19 9 12 1 5 18 9 5 6 16 18 14 17 5 17 3 4 999 11 8 2 14 4 7 6 12
0 12 11 6 5 12 5 9 4 9 19 13 9 19 16 13 4 15 6 7 13 11 14 9 16 18 9 11 7 3 9 17 14 11 999 5 14 18 16 9 2 5
0 17 9 5 14 9 8 20 9 16 18 9 18 16 12 12 6 18 5 12 12 7 15 2 15 5 9 5 20 16 1 6 3 8 5 999 11 7 6 7 11 6
0 5 13 16 20 4 18 11 12 4 14 6 4 11 6 19 1 15 7 1 15 18 5 15 19 5 6 14 11 3 6 15 3 2 14 11 999 9 1 5 10 13
0 10 7 20 4 2 18 7 18 9 10 14 5 7 13 12 17 20 11 11 6 1 6 9 13 15 18 9 13 18 4 2 5 14 18 7 9 999 20 2 4 2
0 8 10 15 9 15 14 5 1 5 20 2 7 18 16 13 12 5 16 3 15 12 16 10 20 8 4 6 20 12 7 2 2 4 16 6 1 20 999 6 12 5
0 8 16 20 10 3 16 6 15 3 6 18 6 10 8 8 9 8 18 16 19 4 4 20 7 12 12 9 7 6 12 8 2 7 9 7 5 2 6 999 7 12
0 12 3 5 5 1 10 5 16 7 16 20 2 10 17 18 17 13 12 3 12 19 1 3 8 1 2 19 12 14 12 11 20 6 2 11 10 4 12 7 999 6
0 5 2 18 2 10 7 16 20 6 14 12 10 17 15 7 2 5 11 17 15 4 2 8 10 4 17 10 11 10 16 5 15 12 5 6 13 2 5 12 6 999