0 0 0 0 0 0 0 0 0 0 0 0 0 0 0 0 0 0 0 0 0 0 0 0 0 0 0 0 0 0 0 0 0 0 0 0 0 0
0 999 8 6 19 18 11 15 9 18 10 11 10 2 3 18 6 4 3 7 16 18 6 5 3 17 1 7 18 10 1 11 7 6 15 6 5 12
0 8 999 15 6 8 12 10 16 10 11 3 16 8 12 9 11 14 13 1 19 15 14 5 5 15 12 1 12 14 14 5 12 17 17 12 13 7
0 6 15 999 2 7 5 9 4 1 11 14 2 13 13 14 10 1 1 17 14 6 11 7 19 7 6 17 4 7 12 11 16 9 15 20 7 6
0 19 6 2 999 14 13 18 1 19 1 9 18 10 16 17 9 5 7 2 20 13 16 19 12 5 2 3 7 18 11 6 2 8 4 20 18 11
0 18 8 7 14 999 12 5 20 8 17 18 13 8 19 3 17 12 15 10 15 19 8 3 6 2 7 16 3 7 8 18 15 4 14 9 7 16
0 11 12 5 13 12 999 7 12 13 17 18 1 20 16 1 12 10 15 18 9 16 6 12 15 15 11 1 6 15 13 15 1 17 11 8 5 17
0 15 10 9 18 5 7 999 17 18 8 20 16 7 5 14 19 20 11 19 20 16 12 18 16 16 4 3 10 8 18 13 10 12 6 11 17 12
0 9 16 4 1 20 12 17 999 4 9 10 1 4 17 1 1 7 19 15 9 5 12 17 5 11 14 2 7 6 4 14 20 4 7 16 15 6
0 18 10 1 19 8 13 18 4 999 10 10 19 16 2 4 7 13 1 18 20 10 16 2 20 9 2 5 8 8 6 4 19 16 4 14 8 15
0 10 11 11 1 17 17 8 9 10 999 1 5 4 5 13 10 1 2 20 17 14 3 19 16 12 7 16 11 8 16 4 7 3 18 8 11 6
0 11 3 14 9 18 18 20 10 10 1 999 19 18 20 13 12 17 20 6 2 8 13 14 5 12 15 4 1 11 3 9 1 7 13 6 5 10
0 10 16 2 18 13 1 16 1 19 5 19 999 5 12 15 16 9 13 14 15 15 12 2 1 16 18 14 7 12 5 10 5 8 14 7 18 16
0 2 8 13 10 8 20 7 4 16 4 18 5 999 10 5 13 14 11 9 20 6 12 16 8 4 16 18 6 15 2 18 20 19 12 16 19 9
0 3 12 13 16 19 16 5 17 2 5 20 12 10 999 12 8 3 2 4 7 11 13 9 7 7 17 1 20 11 14 6 16 14 6 6 18 3
0 18 9 14 17 3 1 14 1 4 13 13 15 5 12 999 12 2 3 11 12 8 13 19 5 5 17 11 3 17 6 15 19 20 18 12 2 12
0 6 11 10 9 17 12 19 1 7 10 12 16 13 8 12 999 13 2 9 16 12 2 13 17 7 15 5 3 6 9 11 2 8 19 9 9 9
0 4 14 1 5 12 10 20 7 13 1 17 9 14 3 2 13 999 20 1 15 19 20 15 12 19 17 5 2 1 14 7 12 3 14 8 7 13
0 3 13 1 7 15 15 11 19 1 2 20 13 11 2 3 2 20 999 20 13 8 2 18 8 6 6 16 20 8 5 6 11 16 11 4 3 1
0 7 1 17 2 10 18 19 15 18 20 6 14 9 4 11 9 1 20 999 13 5 6 13 19 6 4 4 14 4 11 9 7 13 5 2 8 6
0 16 19 14 20 15 9 20 9 20 17 2 15 20 7 12 16 15 13 13 999 7 19 7 5 9 17 9 6 1 1 13 7 13 10 9 16 17
0 18 15 6 13 19 16 16 5 10 14 8 15 6 11 8 12 19 8 5 7 999 3 12 2 20 18 16 3 10 3 2 7 14 1 4 14 16
0 6 14 11 16 8 6 12 12 16 3 13 12 12 13 13 2 20 2 6 19 3 999 2 2 14 2 10 20 15 6 6 19 7 12 12 14 6
0 5 5 7 19 3 12 18 17 2 19 14 2 16 9 19 13 15 18 13 7 12 2 999 2 6 7 6 19 3 2 16 16 1 17 8 12 9
0 3 5 19 12 6 15 16 5 20 16 5 1 8 7 5 17 12 8 19 5 2 2 2 999 17 17 15 7 12 16 2 1 15 5 16 10 17
0 17 15 7 5 2 15 16 11 9 12 12 16 4 7 5 7 19 6 6 9 20 14 6 17 999 10 16 12 1 20 13 7 1 11 18 2 20
0 1 12 6 2 7 11 4 14 2 7 15 18 16 17 17 15 17 6 4 17 18 2 7 17 10 999 14 3 19 9 3 15 10 16 8 17 14
0 7 1 17 3 16 1 3 2 5 16 4 14 18 1 11 5 5 16 4 9 16 10 6 15 16 14 999 4 18 16 7 5 4 14 7 20 15
0 18 12 4 7 3 6 10 7 8 11 1 7 6 20 3 3 2 20 14 6 3 20 19 7 12 3 4 999 8 20 5 5 18 5 13 4 3
0 10 14 7 18 7 15 8 6 8 8 11 12 15 11 17 6 1 8 4 1 10 15 3 12 1 19 18 8 999 9 17 13 14 4 9 8 20
0 1 14 12 11 8 13 18 4 6 16 3 5 2 14 6 9 14 5 11 1 3 6 2 16 20 9 16 20 9 999 11 4 2 8 14 19 8
0 11 5 11 6 18 15 13 14 4 4 9 10 18 6 15 11 7 6 9 13 2 6 16 2 13 3 7 5 17 11 999 2 12 19 1 20 7
0 7 12 16 2 15 1 10 20 19 7 1 5 20 16 19 2 12 11 7 7 7 19 16 1 7 15 5 5 13 4 2 999 16 11 2 8 12
0 6 17 9 8 4 17 12 4 16 3 7 8 19 14 20 8 3 16 13 13 14 7 1 15 1 10 4 18 14 2 12 16 999 6 6 14 8
0 15 17 15 4 14 11 6 7 4 18 13 14 12 6 18 19 14 11 5 10 1 12 17 5 11 16 14 5 4 8 19 11 6 999 13 15 6
0 6 12 20 20 9 8 11 16 14 8 6 7 16 6 12 9 8 4 2 9 4 12 8 16 18 8 7 13 9 14 1 2 6 13 999 1 13
0 5 13 7 18 7 5 17 15 8 11 5 18 19 18 2 9 7 3 8 16 14 14 12 10 2 17 20 4 8 19 20 8 14 15 1 999 6
0 12 7 6 11 16 17 12 6 15 6 10 16 9 3 12 9 13 1 6 17 16 6 9 17 20 14 15 3 20 8 7 12 8 6 13 6 999