0 0 0 0 0 0 0 0 0 0 0 0 0 0 0 0 0 0 0 0 0 0 0 0 0 0 0 0 0 0 0 0 0 0
0 999 13 3 1 12 13 14 9 18 10 15 3 1 20 3 14 1 10 1 4 13 1 6 16 5 12 15 5 9 7 20 20 11
0 13 999 9 6 14 5 20 19 12 2 4 8 3 19 7 3 4 4 15 2 7 9 8 4 1 18 8 7 8 2 8 2 18
0 3 9 999 3 5 11 17 9 11 15 10 14 12 13 11 16 16 16 6 9 12 9 19 7 4 1 5 10 1 7 6 11 3
0 1 6 3 999 12 16 2 12 18 18 19 14 7 2 9 17 6 18 15 19 7 6 19 7 7 10 20 16 5 16 2 20 15
0 12 14 5 12 999 12 17 17 16 18 6 2 4 12 17 17 5 9 19 12 3 17 2 5 14 18 15 2 18 14 19 5 16
0 13 5 11 16 12 999 6 14 8 3 2 15 9 17 18 12 16 7 9 16 13 18 7 6 3 12 20 17 9 19 19 4 17
0 14 20 17 2 17 6 999 3 20 5 14 14 2 13 2 7 16 18 7 19 10 15 5 16 11 14 17 19 16 11 13 1 11
0 9 19 9 12 17 14 3 999 13 19 20 5 15 14 19 4 1 19 15 2 19 17 19 2 5 7 10 8 11 9 8 19 15
0 18 12 11 18 16 8 20 13 999 9 3 8 5 19 11 6 2 4 3 4 8 7 1 18 4 20 19 4 17 17 20 20 9
0 10 2 15 18 18 3 5 19 9 999 14 19 6 6 5 14 20 14 6 13 14 6 3 20 8 3 7 19 11 6 16 16 14
0 15 4 10 19 6 2 14 20 3 14 999 14 10 6 1 7 14 16 5 17 19 16 9 2 8 9 12 12 14 7 4 2 16
0 3 8 14 14 2 15 14 5 8 19 14 999 17 10 5 12 7 15 6 11 14 3 6 4 12 5 20 17 17 2 2 19 10
0 1 3 12 7 4 9 2 15 5 6 10 17 999 20 19 10 3 13 13 8 4 20 2 2 3 9 15 20 13 4 3 18 14
0 20 19 13 2 12 17 13 14 19 6 6 10 20 999 15 1 18 6 19 5 17 17 7 16 16 9 17 2 12 3 4 16 1
0 3 7 11 9 17 18 2 19 11 5 1 5 19 15 999 12 19 18 14 8 18 2 9 16 14 18 12 15 8 10 5 18 16
0 14 3 16 17 17 12 7 4 6 14 7 12 10 1 12 999 10 2 18 4 18 20 14 14 10 1 1 13 13 19 2 5 1
0 1 4 16 6 5 16 16 1 2 20 14 7 3 18 19 10 999 11 6 4 1 18 16 5 6 6 7 7 2 16 2 1 9
0 10 4 16 18 9 7 18 19 4 14 16 15 13 6 18 2 11 999 1 10 8 5 11 11 8 5 13 4 8 1 13 20 13
0 1 15 6 15 19 9 7 15 3 6 5 6 13 19 14 18 6 1 999 12 9 12 2 17 20 17 5 8 7 1 19 4 19
0 4 2 9 19 12 16 19 2 4 13 17 11 8 5 8 4 4 10 12 999 8 4 17 9 7 9 20 11 2 15 12 4 2
0 13 7 12 7 3 13 10 19 8 14 19 14 4 17 18 18 1 8 9 8 999 1 4 4 9 5 6 12 13 19 6 5 19
0 1 9 9 6 17 18 15 17 7 6 16 3 20 17 2 20 18 5 12 4 1 999 13 3 3 17 18 17 3 18 13 20 2
0 6 8 19 19 2 7 5 19 1 3 9 6 2 7 9 14 16 11 2 17 4 13 999 4 9 8 14 1 11 1 3 6 19
0 16 4 7 7 5 6 16 2 18 20 2 4 2 16 16 14 5 11 17 9 4 3 4 999 1 11 6 11 4 13 15 20 19
0 5 1 4 7 14 3 11 5 4 8 8 12 3 16 14 10 6 8 20 7 9 3 9 1 999 4 2 18 4 2 19 10 5
0 12 18 1 10 18 12 14 7 20 3 9 5 9 9 18 1 6 5 17 9 5 17 8 11 4 999 19 10 18 19 8 9 5
0 15 8 5 20 15 20 17 10 19 7 12 20 15 17 12 1 7 13 5 20 6 18 14 6 2 19 999 20 16 14 16 8 1
0 5 7 10 16 2 17 19 8 4 19 12 17 20 2 15 13 7 4 8 11 12 17 1 11 18 10 20 999 13 16 5 18 5
0 9 8 1 5 18 9 16 11 17 11 14 17 13 12 8 13 2 8 7 2 13 3 11 4 4 18 16 13 999 12 9 12 9
0 7 2 7 16 14 19 11 9 17 6 7 2 4 3 10 19 16 1 1 15 19 18 1 13 2 19 14 16 12 999 13 1 6
0 20 8 6 2 19 19 13 8 20 16 4 2 3 4 5 2 2 13 19 12 6 13 3 15 19 8 16 5 9 13 999 10 20
0 20 2 11 20 5 4 1 19 20 16 2 19 18 16 18 5 1 20 4 4 5 20 6 20 10 9 8 18 12 1 10 999 19
0 11 18 3 15 16 17 11 15 9 14 16 10 14 1 16 1 9 13 19 2 19 2 19 19 5 5 1 5 9 6 20 19 999